# Created by Octave 3.2.4, Fri Feb 19 16:28:09 2016 EST <k3thomps@k3thomps-HP-2000-Notebook-PC>
# name: first_f
# type: matrix
# rows: 2001
# columns: 1
 -0.9808933334462412
 -0.9808909904805553
 -0.9809160651813689
 -0.9809522865610293
 -0.9809973298347239
 -0.9810415863545564
 -0.9811130107585707
 -0.981209622591558
 -0.9813080406779041
 -0.9814143818376202
 -0.9815195353996835
 -0.9816300912857471
 -0.981744294828758
 -0.9818552778361186
 -0.9819654643033634
 -0.982076299215114
 -0.98218645837497
 -0.982295789073565
 -0.9824005727795689
 -0.9825006232380173
 -0.9825985754737411
 -0.982691009114414
 -0.9827774447178953
 -0.9828592214797947
 -0.9829351563006843
 -0.9830063112044701
 -0.9830718863969283
 -0.983131262202996
 -0.9831847202172508
 -0.9832332039260231
 -0.9832777269913313
 -0.9833190929049709
 -0.983357824581984
 -0.9833934825690617
 -0.9834259508553502
 -0.9834550937585097
 -0.9834813324389352
 -0.9835048964747669
 -0.9835260422222031
 -0.9835440677588611
 -0.9835595885990579
 -0.9835729455952256
 -0.9835831810644615
 -0.9835899504054979
 -0.983594405842567
 -0.9835973979437027
 -0.9835987858321631
 -0.9835984201626192
 -0.9835964563026512
 -0.9835934501512146
 -0.9835906407503351
 -0.9835881397813331
 -0.9835859261511569
 -0.9835838408895792
 -0.9835814188127868
 -0.9835794435388322
 -0.9835787098110942
 -0.9835787452236057
 -0.9835795966810975
 -0.9835819108000167
 -0.9835856712951675
 -0.9835901226417381
 -0.9835960444385219
 -0.9836039055114043
 -0.9836143151108308
 -0.9836271149218377
 -0.983642373424975
 -0.9836601001638716
 -0.9836808647991436
 -0.9837046388197821
 -0.9837311529050808
 -0.9837599486077897
 -0.9837913946787915
 -0.9838259150429322
 -0.9838634699071779
 -0.9839039503849001
 -0.9839476394506274
 -0.9839942299580952
 -0.9840437040770604
 -0.9840964830963174
 -0.9841531178792994
 -0.9842126511116392
 -0.9842754504662053
 -0.9843420068732999
 -0.9844125218183251
 -0.984486205354149
 -0.9845623895893538
 -0.9846399975178299
 -0.9847196036095568
 -0.9848012367868956
 -0.9848853102730992
 -0.9849731822104644
 -0.9850654216747176
 -0.9851613404155315
 -0.9852607498842186
 -0.9853619836251312
 -0.9854636137386787
 -0.9855672118247158
 -0.9856740797872662
 -0.9857833059827295
 -0.9858948238283295
 -0.9860081342019924
 -0.9861227466058249
 -0.9862385081427391
 -0.9863550146002373
 -0.9864723019900619
 -0.9865905203221819
 -0.9867097308330893
 -0.9868308550383021
 -0.9869536422578318
 -0.9870765177027138
 -0.9871995616044857
 -0.9873225140443131
 -0.9874455139820444
 -0.9875687946991408
 -0.9876920973128461
 -0.9878146966103395
 -0.9879371330882132
 -0.9880596149953291
 -0.9881823592912236
 -0.9883051814766471
 -0.9884276383082833
 -0.9885498759582592
 -0.9886722429733271
 -0.9887946293415224
 -0.9889163760941703
 -0.9890371178376852
 -0.9891568532921323
 -0.9892765207207378
 -0.9893965402790583
 -0.9895161443914988
 -0.9896346173497556
 -0.989751968186208
 -0.989868059680804
 -0.9899836843537597
 -0.9900989101152896
 -0.9902133959649418
 -0.9903271607583327
 -0.9904406300785208
 -0.9905537386041841
 -0.990666405146137
 -0.9907786145162916
 -0.9908905745985181
 -0.9910021345431776
 -0.9911131991266871
 -0.9912235658663427
 -0.9913334399570819
 -0.9914428375775565
 -0.9915516879203246
 -0.9916599549530291
 -0.9917676864562006
 -0.9918747169364793
 -0.991981385721487
 -0.9920873438589143
 -0.9921925386342523
 -0.9922969960220026
 -0.9924007073380768
 -0.9925038505767978
 -0.9926064341822338
 -0.9927084855953416
 -0.9928097422199912
 -0.9929104967268682
 -0.9930109599502203
 -0.993111341862016
 -0.9932114677099311
 -0.9933110107922615
 -0.9934095221773707
 -0.9935072556340947
 -0.9936045680765341
 -0.9937016497383115
 -0.9937986705575825
 -0.9938953038052506
 -0.9939914478135089
 -0.9940870765065913
 -0.9941823360499478
 -0.9942771585990406
 -0.9943716823071236
 -0.994466026321689
 -0.994560300140733
 -0.9946546013424798
 -0.9947490303366183
 -0.9948434509980381
 -0.9949377482378151
 -0.9950317099198768
 -0.995125522693727
 -0.9952189814427275
 -0.9953121190312298
 -0.9954044753891504
 -0.9954962642415168
 -0.9955874086880933
 -0.9956784792387408
 -0.9957696324703863
 -0.9958609402385272
 -0.9959521570019164
 -0.9960430837570668
 -0.9961337194902781
 -0.9962239094729287
 -0.9963137623069614
 -0.9964033020607337
 -0.996492668085242
 -0.9965817002296191
 -0.9966704568052767
 -0.9967587810731491
 -0.9968468472576847
 -0.9969346024593231
 -0.997022293093479
 -0.9971097465236207
 -0.9971968771613987
 -0.9972838067902284
 -0.9973706677273729
 -0.9974571540213706
 -0.9975432365968105
 -0.9976288432885299
 -0.9977141048511567
 -0.9977989002394178
 -0.99788330237623
 -0.9979670879644534
 -0.9980503761581537
 -0.9981332607946758
 -0.9982159242241886
 -0.9982982135490315
 -0.9983802543409376
 -0.9984619810315544
 -0.9985434960910475
 -0.9986246909702702
 -0.9987056005981879
 -0.9987860997798982
 -0.99886620093358
 -0.9989458073732802
 -0.9990249813663841
 -0.9991036581946364
 -0.9991819161136432
 -0.9992597735715276
 -0.9993372444512226
 -0.9994143265265067
 -0.9994911010143152
 -0.9995675858803578
 -0.9996438097900998
 -0.9997197403825534
 -0.9997953627293347
 -0.9998705491402995
 -0.9999452842473476
 -1.000019420829403
 -1.000092982244254
 -1.000165823871827
 -1.000238226483102
 -1.000309947422534
 -1.000381398623152
 -1.000452377968551
 -1.000523183945518
 -1.00059354185764
 -1.000663760349683
 -1.000733620302232
 -1.00080300028171
 -1.0008717608344
 -1.00094002757387
 -1.001007596999087
 -1.001074557766243
 -1.001140894288554
 -1.001206882940357
 -1.001272254794876
 -1.001337267657363
 -1.001401685225878
 -1.001465591808988
 -1.001528813868173
 -1.001591579006691
 -1.001653890986669
 -1.001715761689487
 -1.001777215327986
 -1.00183824312767
 -1.001898626455063
 -1.001958467891219
 -1.002017764904242
 -1.002076477608712
 -1.002134554477594
 -1.002192168866427
 -1.002249152666653
 -1.002305542939621
 -1.002361336407373
 -1.002416658964751
 -1.002471236721706
 -1.002525159914695
 -1.002578358579876
 -1.002631013748202
 -1.002682981145459
 -1.002734558789138
 -1.002785363988455
 -1.002835601919512
 -1.002885165326471
 -1.002934583224607
 -1.002983517298797
 -1.003032058292696
 -1.003079881008745
 -1.003127047649121
 -1.003173604317372
 -1.003219610943734
 -1.003264944670208
 -1.003309293507393
 -1.003353016929572
 -1.003396126718566
 -1.003438604481321
 -1.003480363863875
 -1.003521508466203
 -1.003562000418151
 -1.003601867035513
 -1.003641031793407
 -1.003679758960817
 -1.003718175690868
 -1.003756070787794
 -1.003793350264533
 -1.003830166690098
 -1.003866698454404
 -1.003902626658631
 -1.003937903196679
 -1.003972643462321
 -1.00400679694188
 -1.004040322797269
 -1.004073821538543
 -1.00410631545013
 -1.00413853805955
 -1.004169948043149
 -1.004201146317823
 -1.004231936431783
 -1.004262227871956
 -1.004292085372172
 -1.004321175794597
 -1.004349568323996
 -1.004377397198301
 -1.004404823959623
 -1.004431693232458
 -1.004458163191112
 -1.00448417379651
 -1.004509804487264
 -1.004534672344342
 -1.004558973586727
 -1.004582363815435
 -1.004605324715411
 -1.004627900156505
 -1.004650082366266
 -1.004672044189734
 -1.004693697649901
 -1.004715101757051
 -1.004735866707422
 -1.004756033918383
 -1.00477550855778
 -1.004794261687557
 -1.004812213282091
 -1.00482968421018
 -1.004846611466774
 -1.004862699175446
 -1.004878041572638
 -1.004893003811938
 -1.004907334784265
 -1.004920979572981
 -1.004934126396154
 -1.004946505495456
 -1.004957960781128
 -1.004968366591035
 -1.004977392719643
 -1.004985643983842
 -1.004993461980323
 -1.005001451418979
 -1.005009352911728
 -1.005017147891582
 -1.00502389916784
 -1.005029241296315
 -1.005033356148198
 -1.005036856097097
 -1.0050397442264
 -1.005042271128424
 -1.005044134304149
 -1.005045392511336
 -1.005046268994478
 -1.005046912282066
 -1.005046947773269
 -1.005046786149719
 -1.005046344127184
 -1.005045554651526
 -1.005044409516217
 -1.005043000779308
 -1.005040782130781
 -1.005037597064613
 -1.005033557146409
 -1.00502892930922
 -1.005023705889904
 -1.005018060462719
 -1.005012073645141
 -1.005005874709747
 -1.004998890238381
 -1.004990944790242
 -1.004982587416081
 -1.004973797297983
 -1.004964751671828
 -1.004955214737854
 -1.00494517066318
 -1.004934135318303
 -1.004921956556978
 -1.004908515595175
 -1.004893845905887
 -1.00487800975134
 -1.004861101335367
 -1.004843000746388
 -1.004823905868432
 -1.004803838779243
 -1.00478281661284
 -1.004760348425895
 -1.004736850298866
 -1.004712326089408
 -1.004687017096888
 -1.004660574775124
 -1.004633082008054
 -1.00460425759678
 -1.004574490734587
 -1.004543600619733
 -1.004511753202981
 -1.004478516722939
 -1.00444379072076
 -1.004407627716812
 -1.004370429126603
 -1.004332155205178
 -1.004292840496772
 -1.004252210144818
 -1.004210424934244
 -1.004167517663723
 -1.004123628441918
 -1.0040783617126
 -1.00403148672605
 -1.003983038990503
 -1.00393378084266
 -1.003883841802715
 -1.003833427367867
 -1.003782376048365
 -1.003730775711208
 -1.003678415371513
 -1.003625431415991
 -1.003571547539547
 -1.003516815559707
 -1.003461072156351
 -1.003404333609114
 -1.003346663045891
 -1.003288213579443
 -1.003229334847372
 -1.003170029626854
 -1.00311034622394
 -1.003050153465401
 -1.002989593770607
 -1.002928660415175
 -1.002867467264053
 -1.002805823967513
 -1.002744087474465
 -1.002681956235282
 -1.002619628709969
 -1.002557070099614
 -1.002494526200161
 -1.002431714453473
 -1.002368768591775
 -1.002305695155447
 -1.002242377782401
 -1.002178815069408
 -1.002115063752303
 -1.002051350230594
 -1.001987729140027
 -1.001924331568899
 -1.001861131571067
 -1.001798254350097
 -1.001735653837214
 -1.001673226408275
 -1.0016106679257
 -1.001548063105736
 -1.001485274809117
 -1.001422228288893
 -1.001358914331594
 -1.001295363544487
 -1.001231469747768
 -1.001167004499554
 -1.001101830470708
 -1.001035892178513
 -1.000969313092193
 -1.000902388711733
 -1.000835502097073
 -1.000768897901366
 -1.000702913458472
 -1.000637708878147
 -1.000573184776724
 -1.000509512023706
 -1.000446685247791
 -1.000384309213834
 -1.000321830500301
 -1.000257807071846
 -1.000191353347949
 -1.000125193626975
 -1.000061564103118
 -0.9999992296823391
 -0.9999375536123011
 -0.9998765778732545
 -0.9998163160080904
 -0.9997566253813474
 -0.9996974057726286
 -0.9996383540282313
 -0.9995793469841227
 -0.9995198950338166
 -0.9994599332115055
 -0.9993991271289795
 -0.9993376559104309
 -0.9992752819649949
 -0.9992124694474943
 -0.9991491504901286
 -0.9990857832064375
 -0.9990224576363882
 -0.9989594498163673
 -0.998896839672464
 -0.9988347092583187
 -0.9987728521746013
 -0.9987111504998767
 -0.9986494000417062
 -0.9985875802500378
 -0.9985255804950227
 -0.9984634712507809
 -0.9984010280695983
 -0.9983383963250879
 -0.9982754163352355
 -0.9982122003784433
 -0.9981485914326678
 -0.9980845818883058
 -0.9980200052138214
 -0.9979547324252862
 -0.9978888307973643
 -0.9978221795754506
 -0.9977548242667955
 -0.9976866027584943
 -0.9976175580089823
 -0.9975476461193286
 -0.9974769554090924
 -0.9974055380388087
 -0.9973333536771978
 -0.9972603369600079
 -0.997186321967821
 -0.9971113539556633
 -0.9970352943503273
 -0.9969583726706863
 -0.9968806120628656
 -0.9968019775653697
 -0.9967222179475672
 -0.9966413301510636
 -0.9965591918475238
 -0.9964757416944823
 -0.9963912274075215
 -0.9963056855718619
 -0.996219013987817
 -0.9961308947124431
 -0.9960416117973295
 -0.9959511668493377
 -0.9958597502159158
 -0.9957671001784939
 -0.9956734967405455
 -0.9955787589779262
 -0.9954829875614831
 -0.9953860503841466
 -0.9952880880702984
 -0.9951891073706016
 -0.9950893330424976
 -0.9949888540523307
 -0.994887786823525
 -0.9947861922248906
 -0.9946840293521833
 -0.9945812253837233
 -0.9944777461308911
 -0.9943739222230801
 -0.9942700067409359
 -0.9941660472010506
 -0.9940616564125485
 -0.9939565894608504
 -0.9938508039830005
 -0.9937446014713336
 -0.993638061176047
 -0.9935314698863652
 -0.9934251562568268
 -0.9933192409652977
 -0.9932134239989382
 -0.9931074922848626
 -0.9930014326637222
 -0.9928955284083659
 -0.9927898551196037
 -0.9926841213469283
 -0.9925780729134267
 -0.9924714097850874
 -0.9923635814585772
 -0.9922543470220725
 -0.9921433924009689
 -0.9920303826144854
 -0.9919158606799254
 -0.9918003243777418
 -0.9916845413245895
 -0.9915690035419862
 -0.9914543522494389
 -0.9913410438631168
 -0.9912312003272581
 -0.9911234274387691
 -0.9910191718356987
 -0.9909167101414335
 -0.990816616421509
 -0.9907157267516202
 -0.9906141506121335
 -0.9905203968533588
 -0.9904409805746198
 -0.9903662806330553
 -0.9902972797143699
 -0.9902293092031087
 -0.9901659617067093
 -0.9901056491618906
 -0.9900504740405381
 -0.9899972474235108
 -0.98994689461704
 -0.9898997538727375
 -0.9898549963471565
 -0.9898138971311556
 -0.9897751789468614
 -0.9897367693866757
 -0.9896979452329666
 -0.9896586764864116
 -0.9896191722440714
 -0.9895796453625318
 -0.9895407849422153
 -0.9895029802597253
 -0.9894661242115905
 -0.9894301440828724
 -0.9893945482131988
 -0.9893596333460231
 -0.9893258662128138
 -0.9892939933480435
 -0.9892644186308664
 -0.9892374439596603
 -0.9892136071364526
 -0.9891928556065364
 -0.98917485314023
 -0.9891588906231283
 -0.9891441314212139
 -0.9891303779796414
 -0.9891180694806024
 -0.9891074918483758
 -0.989098876893352
 -0.9890922878172794
 -0.9890872043289336
 -0.9890838325362158
 -0.9890824902010632
 -0.9890831365082028
 -0.9890854341969453
 -0.9890887419010708
 -0.9890928153088883
 -0.9890964514984595
 -0.9891000536531486
 -0.9891033565784192
 -0.9891071387916313
 -0.9891106488856415
 -0.989113977499581
 -0.9891172303709486
 -0.9891204319764957
 -0.9891239946269657
 -0.9891288835877768
 -0.9891366953297772
 -0.9891478687856192
 -0.9891614947200037
 -0.9891763391771945
 -0.989190938205078
 -0.9892052862724556
 -0.9892184206131686
 -0.9892306909755789
 -0.989245655672036
 -0.9892710904573743
 -0.9893011197689667
 -0.9893300907665468
 -0.9893569112751706
 -0.9893832740897753
 -0.9894098678024188
 -0.9894372437119257
 -0.9894655838812436
 -0.9894945131581727
 -0.9895240901951488
 -0.9895545681413825
 -0.9895856912766319
 -0.9896171995733454
 -0.9896486680743964
 -0.9896800923970049
 -0.989711049776508
 -0.9897416507646465
 -0.9897720060637125
 -0.9898025844161393
 -0.9898337438363541
 -0.9898655816908418
 -0.9898981539853546
 -0.9899320182070578
 -0.9899673788345188
 -0.9900041465379066
 -0.9900425255503033
 -0.9900825787593331
 -0.9901239152983854
 -0.9901663483761483
 -0.9902102732829994
 -0.9902563659261355
 -0.9903046688838253
 -0.9903550548662584
 -0.9904077419873474
 -0.9904623685108178
 -0.9905189328099584
 -0.9905774537071819
 -0.9906384362523699
 -0.9907028120436754
 -0.9907707964001282
 -0.9908412228569881
 -0.9909137969838855
 -0.9909886379108594
 -0.9910653385828132
 -0.9911433051646671
 -0.9912227477972546
 -0.9913041079250828
 -0.9913884707239796
 -0.9914763953154865
 -0.9915677581484406
 -0.9916622063860123
 -0.9917593237402756
 -0.9918590103008971
 -0.9919618014470557
 -0.9920681960446032
 -0.9921784440337108
 -0.9922918396302159
 -0.9924074685622426
 -0.9925245845182051
 -0.9926429762639187
 -0.9927618903573199
 -0.9928815597917218
 -0.9930020502597678
 -0.9931233433465894
 -0.9932462378577991
 -0.993371288390734
 -0.9934997617603863
 -0.9936321397970462
 -0.9937663012386506
 -0.9939049966239847
 -0.9940478347788844
 -0.9941930395056005
 -0.9943398338409386
 -0.9944872676457737
 -0.9946357930726368
 -0.9947862905992578
 -0.9949381038963218
 -0.9950914622436252
 -0.9952440631737548
 -0.9953992216069842
 -0.9955563892990804
 -0.9957161929252603
 -0.9958845037776429
 -0.9960644207387969
 -0.9962509838374233
 -0.9964395403893906
 -0.9966298558732637
 -0.9968216577442004
 -0.9970134040155491
 -0.997206243826754
 -0.997400297900639
 -0.9975960586877574
 -0.9977931453118732
 -0.9979924886192161
 -0.998194305386088
 -0.9983994017292271
 -0.9986085756399395
 -0.9988220103449849
 -0.9990382594743438
 -0.9992574438497646
 -0.9994792282797553
 -0.9997032143190566
 -0.9999294075291492
 -1.000157560419586
 -1.000387705267205
 -1.000619561696951
 -1.00085339057919
 -1.001089215398939
 -1.001327313504382
 -1.001567780384414
 -1.001810994541589
 -1.00205713605043
 -1.002306581110195
 -1.002559574447589
 -1.002816219658713
 -1.003076351073451
 -1.003339862740467
 -1.003606401850197
 -1.003875599904957
 -1.004147139778155
 -1.004421066820766
 -1.004697121536171
 -1.004975433954477
 -1.005255764723936
 -1.005538445355274
 -1.005822845780392
 -1.006109026720445
 -1.006396680868627
 -1.00668591324619
 -1.006976725268009
 -1.007269014305886
 -1.007562986676584
 -1.007858169374555
 -1.008154353128236
 -1.008450854486809
 -1.008747302787986
 -1.009042989040577
 -1.009337597388699
 -1.009630897034573
 -1.009922904340601
 -1.010213656537425
 -1.010503296613449
 -1.01079148048519
 -1.011077819178593
 -1.011361804354264
 -1.011643170608712
 -1.011921480321156
 -1.012196428106595
 -1.012468135247473
 -1.012736721204179
 -1.013001299570023
 -1.013260762253835
 -1.013515008097699
 -1.013764775176289
 -1.01401029357993
 -1.014250970969646
 -1.014486019528366
 -1.014715080238678
 -1.014937994592327
 -1.015154364353833
 -1.015364359786596
 -1.015567587435795
 -1.015763645045008
 -1.015951965378402
 -1.01613189382823
 -1.01630265180413
 -1.016463849232198
 -1.016616501607414
 -1.016761386367623
 -1.01689817459275
 -1.017026578919362
 -1.017145791439181
 -1.017255139907006
 -1.017353564488604
 -1.017440967653758
 -1.017516876543769
 -1.017580546376589
 -1.017631149150296
 -1.017668344595448
 -1.017692248710645
 -1.017702449627919
 -1.017698198481733
 -1.017679946690705
 -1.017647005887042
 -1.017597866389733
 -1.017531606802255
 -1.017448025482201
 -1.017347360633562
 -1.017229779553889
 -1.017095575396894
 -1.016941999516759
 -1.016768247222557
 -1.016573197434188
 -1.016356687552448
 -1.016119534111037
 -1.015860824167604
 -1.0155792090282
 -1.015272362014118
 -1.014939414564064
 -1.01457887307142
 -1.014188555403099
 -1.013767051019566
 -1.013314375862911
 -1.012830222006568
 -1.012312633590241
 -1.011762598596902
 -1.011179961497398
 -1.010560410889529
 -1.009900591052068
 -1.009200538682528
 -1.008459885889948
 -1.007677543770016
 -1.006853189798214
 -1.005985497725003
 -1.005073541696904
 -1.004114922474107
 -1.003106330433382
 -1.002044696274685
 -1.000926880526268
 -0.9997512991757044
 -0.9985193443580579
 -0.9972323514796327
 -0.9958882276535695
 -0.9944834986394012
 -0.9930144116207116
 -0.9914795009442826
 -0.9898771613946616
 -0.9882048465052482
 -0.9864603819092467
 -0.9846433216473851
 -0.9827527175199017
 -0.9807874552274766
 -0.9787443094550274
 -0.976621422924291
 -0.9744170215973116
 -0.9721303605990472
 -0.9697607702392446
 -0.9673050537491218
 -0.9647575642833252
 -0.9621134419832231
 -0.9593710810476219
 -0.9565290371679439
 -0.9535873060256617
 -0.9505445559724887
 -0.9473994899817153
 -0.9441487281550879
 -0.940787324551972
 -0.9373108001428322
 -0.9337168117639083
 -0.930004144462201
 -0.9261699826670884
 -0.922211170083166
 -0.9181238478884577
 -0.9139039090232558
 -0.9095497690211461
 -0.9050614585975337
 -0.9004383357058271
 -0.895676805023206
 -0.8907719892810606
 -0.8857205106497353
 -0.8805206360125117
 -0.8751690905900756
 -0.8696626398537263
 -0.8639983718450922
 -0.8581745635537649
 -0.8521888501449042
 -0.84603880084743
 -0.8397215414723069
 -0.8332350277860427
 -0.8265764463164201
 -0.8197437364913097
 -0.8127345269669727
 -0.8055466094809501
 -0.7981775055547514
 -0.7906248421646641
 -0.7828861755954934
 -0.7749592399704898
 -0.7668420382656311
 -0.7585331047881388
 -0.7500310181110762
 -0.7413342352723271
 -0.7324414190466346
 -0.7233516387868387
 -0.7140636225648385
 -0.7045755513230876
 -0.6948863648217142
 -0.6849955080183792
 -0.6749026270758689
 -0.6646067518167109
 -0.6541072863114609
 -0.6434044967591491
 -0.6324992754208306
 -0.6213916183015223
 -0.6100811138274151
 -0.5985692128815311
 -0.5868576700685694
 -0.5749468900882697
 -0.5628378061360947
 -0.5505320331169139
 -0.5380304923171161
 -0.5253341718620244
 -0.5124459669422587
 -0.4993694354530378
 -0.486108224699886
 -0.4726660232189167
 -0.4590445070768354
 -0.4452449008023797
 -0.431272741193119
 -0.4171353583595039
 -0.4028377518177085
 -0.3883841344470607
 -0.3737798567243007
 -0.3590285475547654
 -0.3441327721579396
 -0.3291010239117856
 -0.3139361433634452
 -0.2986481698589969
 -0.2832462064529826
 -0.2677225448863658
 -0.2521023857156408
 -0.2363877793624289
 -0.2205755789866352
 -0.2046716901047999
 -0.1886877844028799
 -0.1726279310130137
 -0.1565058751883929
 -0.1403303301418924
 -0.124108486443716
 -0.1078418831611353
 -0.09154585290504744
 -0.07522733421273228
 -0.05889005954415908
 -0.04254337103864406
 -0.02619100933068567
 -0.009844970402009538
 0.00648786776486763
 0.02279783922568335
 0.03907768402216748
 0.05532182161937294
 0.07152122942885843
 0.08766848014544101
 0.1037564405149248
 0.1197777400254143
 0.1357257972640053
 0.1515927290119716
 0.167371142025519
 0.1830563594352647
 0.1986425069238003
 0.2141168607355909
 0.2294782599769014
 0.2447209068018979
 0.2598372624946618
 0.2748241259441562
 0.2896742703701504
 0.3043835623932475
 0.3189471676279972
 0.3333605725560158
 0.3476198656466605
 0.3617214930561087
 0.3756608835730357
 0.3894319329218472
 0.4030290901684277
 0.4164487042978174
 0.4296889081360308
 0.4427483636551485
 0.4556274272492541
 0.4683255436061969
 0.48083992772456
 0.4931696214667237
 0.5053141527760945
 0.5172739592838707
 0.5290476759658289
 0.5406326235846328
 0.5520235427471208
 0.5632162400408164
 0.5742092496588934
 0.584999912976147
 0.5955868908764888
 0.6059707536503788
 0.6161544360673442
 0.6261435770148304
 0.6359400822824751
 0.6455500308394581
 0.6549745148454892
 0.6642219934192861
 0.6733007478032202
 0.6822141114317488
 0.6909535663208421
 0.699529668532107
 0.7079234788069784
 0.7162224719758198
 0.7243674164179713
 0.7324244248636146
 0.740347167940907
 0.7481455582747331
 0.7558248777272484
 0.7633646572405169
 0.770801533425034
 0.7781062459949956
 0.7853224333318385
 0.7924444022741021
 0.7994749995118817
 0.8063989291180277
 0.8131924352649427
 0.8198415002015682
 0.8263528147321703
 0.8327214727465282
 0.8389418131568077
 0.845016464747989
 0.8509449358444173
 0.8567277898099221
 0.8623650665108625
 0.8678566336337827
 0.8732030518148519
 0.8784042375052901
 0.8834625451007004
 0.8883810058276234
 0.8931627225430852
 0.8978095414897738
 0.9023201707197396
 0.9066929836193199
 0.9109343517008835
 0.9150550115682261
 0.9190613605103474
 0.9229548071295209
 0.9267374069153331
 0.9304083300189335
 0.9339696153541953
 0.9374243874977511
 0.9407738883343374
 0.9440195691104299
 0.9471631222968577
 0.950205175152516
 0.9531479282837468
 0.9559953748932921
 0.9587507073690071
 0.9614165513260932
 0.9639956679567319
 0.9664885867153076
 0.9688965760855456
 0.9712220118598234
 0.9734682390404952
 0.9756371488140003
 0.9777321331976367
 0.9797548270925497
 0.9817092526906992
 0.9835970311536516
 0.9854233489180333
 0.9871863256406105
 0.9888901206420212
 0.9905337235737496
 0.9921205180238896
 0.993649848896997
 0.9951189025295071
 0.9965341972761035
 0.9978912189518002
 0.9991906124830042
 1.000426695157851
 1.001608321694572
 1.002739215683335
 1.003820482464906
 1.004850028136317
 1.005827524228417
 1.006744230282228
 1.007618337774831
 1.008475293848495
 1.009277258622017
 1.01003078072491
 1.010749461090573
 1.011447009275994
 1.012112264500618
 1.012745552254659
 1.013345182331052
 1.013901507770594
 1.01442296856499
 1.014903976207335
 1.015348274005791
 1.015757979932732
 1.016140132660781
 1.016506569636622
 1.016850068575741
 1.017160616567743
 1.017423941663173
 1.017630777134175
 1.017782333486289
 1.017894135137345
 1.017984361656088
 1.018058557363256
 1.018113217073261
 1.018142639630973
 1.018145111338909
 1.018118082566413
 1.018065787841284
 1.017991602144333
 1.017899498797522
 1.017792832853803
 1.017675028496575
 1.017549744118366
 1.017418462643756
 1.017281196364735
 1.01713944291458
 1.016989461366546
 1.016832809758204
 1.016661914676275
 1.016478897290114
 1.01628565454658
 1.016081428310629
 1.015868162999434
 1.015644346497146
 1.015411946841741
 1.015169751247769
 1.014918844793803
 1.014660079332304
 1.014395026356524
 1.014124894435616
 1.013849304811661
 1.013567476600571
 1.013278702295579
 1.012983396819581
 1.012681224132068
 1.012373032834535
 1.012058726940933
 1.011739245258274
 1.011414768204653
 1.011085890678852
 1.010753855034388
 1.010419730798467
 1.01008394690027
 1.009746742592349
 1.009408083506913
 1.009068025373751
 1.00872688770984
 1.008385520595725
 1.008044500500825
 1.007704351931253
 1.007365498365253
 1.007028694690905
 1.006693951065285
 1.006361086333475
 1.006030641722751
 1.005703044945868
 1.00537835739205
 1.005055891191008
 1.004734594138478
 1.004414645463578
 1.004096763380048
 1.003781232906953
 1.003468267522239
 1.003157902843495
 1.002850535006686
 1.002546710878194
 1.002247066337358
 1.001952011780632
 1.001661813444355
 1.001376486422399
 1.001096038477555
 1.000820022300371
 1.000548120720801
 1.000279648180909
 1.000014158953041
 0.9997510536699542
 0.9994900407969001
 0.9992311360681732
 0.998974394153574
 0.9987204126958769
 0.9984692391242999
 0.9982221004172921
 0.9979793365831966
 0.9977402651469459
 0.9975062831904505
 0.9972775016587514
 0.997052796329
 0.9968311131131744
 0.9966120188047118
 0.9963949843338334
 0.9961804843090791
 0.9959681047159616
 0.9957579563632544
 0.9955483083797884
 0.9953413374118059
 0.9951370583163304
 0.9949353888588024
 0.9947418808274199
 0.994562283393954
 0.9943927898617712
 0.9942263783262248
 0.9940624704207607
 0.9939020280332177
 0.9937408246996875
 0.9935817924403412
 0.9934244147436181
 0.9932696809596073
 0.9931165099326515
 0.9929644998360703
 0.9928145334822442
 0.9926680491451417
 0.9925265153502608
 0.9923898733760137
 0.9922547973516053
 0.99212373299043
 0.9919959500670519
 0.991869490539003
 0.9917449288663135
 0.9916219296282829
 0.9915002370644417
 0.9913796328353291
 0.9912598349452051
 0.9911414296271847
 0.9910252116895698
 0.9909119085578446
 0.9908013927218348
 0.9906937132112722
 0.9905895211478182
 0.9904885899615712
 0.9903905449661077
 0.9902955699984013
 0.9902048428383796
 0.9901181347382071
 0.9900342714816335
 0.9899523821693937
 0.9898727579073728
 0.989795216060661
 0.989719575747134
 0.9896463419350133
 0.9895763140050083
 0.989509200661998
 0.9894449314472874
 0.9893837103740153
 0.9893250666480842
 0.9892688365835711
 0.9892149176544358
 0.9891627313620691
 0.9891121337762743
 0.9890636618014025
 0.9890178023988071
 0.9889748070823202
 0.9889345784210809
 0.9888966161428501
 0.9888600808048621
 0.9888252536519105
 0.9887915429105806
 0.9887584272224217
 0.9887267983394864
 0.9886967205784025
 0.9886681669462924
 0.9886410910403843
 0.988614992346905
 0.988589701111928
 0.9885653905002514
 0.9885424959257397
 0.9885210791981447
 0.9885007281643292
 0.9884801706374003
 0.9884602667296472
 0.9884423049715942
 0.9884263516596312
 0.9884113491087072
 0.988396566771668
 0.9883816091050578
 0.9883668002141127
 0.9883522645650175
 0.9883376605445604
 0.9883221632000878
 0.9883061746065079
 0.9882905522035716
 0.9882764639744986
 0.9882640625284155
 0.9882533179546363
 0.9882439422472095
 0.9882357089074137
 0.9882285894806744
 0.9882221930843847
 0.9882158042397262
 0.9882091874870674
 0.9882025621594192
 0.9881959333156111
 0.9881893525972422
 0.9881833953208965
 0.9881780892945016
 0.9881736748687433
 0.9881702589401705
 0.9881682001789966
 0.9881675987750632
 0.9881683867481125
 0.9881701790564968
 0.9881736059746471
 0.9881789793798069
 0.9881863270444144
 0.9881959670333621
 0.9882074855649063
 0.9882202578816933
 0.9882347154297588
 0.9882516564464608
 0.9882712498203386
 0.9882932633855251
 0.9883177197584728
 0.9883442676701707
 0.9883727241335959
 0.9884037949546406
 0.9884380604824954
 0.9884745066664812
 0.9885129357672993
 0.9885542820118806
 0.9885970395805661
 0.9886412175881872
 0.9886871572860129
 0.9887349088320795
 0.9887848057781908
 0.9888374063669383
 0.9888929131672247
 0.9889503942617168
 0.9890092300728268
 0.9890696140735837
 0.9891320605198791
 0.9891964610260604
 0.9892626959902037
 0.9893308042509551
 0.9893996583072385
 0.9894691891569795
 0.9895396014319562
 0.989611526358905
 0.9896847245409341
 0.9897593228190128
 0.98983549458986
 0.9899136809881062
 0.9899939800325757
 0.9900757974281489
 0.9901586298464097
 0.9902426172774114
 0.9903277081305144
 0.990413799506512
 0.9905004729851816
 0.9905872513257279
 0.9906737496610654
 0.99076036555205
 0.9908472943898268
 0.9909344297038682
 0.99102173577858
 0.9911094714781222
 0.9911979255958488
 0.9912869007368466
 0.9913763633083287
 0.9914657577399691
 0.9915546603953256
 0.9916426767128445
 0.991730396920476
 0.9918181037406985
 0.9919058818952091
 0.9919933744269197
 0.9920807568714503
 0.9921677591578192
 0.9922546112361708
 0.9923411857189612
 0.9924276672013577
 0.9925140740092953
 0.9926005783951753
 0.9926868144396989
 0.9927728135050077
 0.9928586880856706
 0.9929446508450279
 0.9930308993876951
 0.9931174285500239
 0.9932038128571586
 0.9932898689487013
 0.9933761124911656
 0.9934628005353652
 0.9935502191401627
 0.9936381496314086
 0.9937264458433959
 0.9938149032423121
 0.9939037716710447
 0.9939927314812653
 0.9940819831218221
 0.994171669189169
 0.9942618460979976
 0.9943524214295072
 0.994443704753133
 0.9945354397348418
 0.9946273275973464
 0.994720044294386
 0.9948134625638421
 0.9949073668948585
 0.9950015411833041
 0.9950961574611936
 0.9951909608617853
 0.9952865642967712
 0.9953829107580753
 0.9954799522694971
 0.9955776303943503
 0.9956760129193394
 0.9957748082664197
 0.9958740649158735
 0.9959736602510354
 0.9960735664023154
 0.9961735281518628
 0.9962732902136454
 0.9963727138086592
 0.9964719849044202
 0.9965707331906064
 0.9966690048436952
 0.9967669158989918
 0.9968646021756834
 0.996961981209847
 0.9970592837297265
 0.9971564239144795
 0.9972534080653916
 0.9973503158887373
 0.9974468447730392
 0.9975426988279881
 0.9976380140926804
 0.99773294939669
 0.9978274321221418
 0.9979212151748652
 0.9980141691012128
 0.9981062269254227
 0.9981974613579327
 0.9982878997436886
 0.9983775171477491
 0.9984661029361063
 0.9985534502201904
 0.9986395978240835
 0.9987247906371365
 0.9988091968319823
 0.9988931090480306
 0.9989769133657003
 0.9990604438544345
 0.9991435893228745
 0.99922613089162
 0.9993079850298224
 0.9993888929127782
 0.9994688344275339
 0.9995478471667324
 0.9996259617361085
 0.999703405878522
 0.9997802763842589
 0.9998568955000091
 0.9999331801268573
 1.000009481547374
 1.00008552551172
 1.000161561761292
 1.000237190990121
 1.000312736142582
 1.000387861680915
 1.000462855576401
 1.000537477362115
 1.000611811590767
 1.000685867568661
 1.000759678057959
 1.000833311348287
 1.000906745617867
 1.000980030528104
 1.001053230944145
 1.001126351990302
 1.001199332697145
 1.001272064092148
 1.001344574041207
 1.001416636587891
 1.00148829425344
 1.001559276343025
 1.001629802531162
 1.001699711245945
 1.001769292468718
 1.001838382537693
 1.001907122960795
 1.001975408678395
 1.002043372476624
 1.002110858831033
 1.002177828011019
 1.002244508036049
 1.002310791740554
 1.00237656672588
 1.00244178507902
 1.002506434797106
 1.002570178746305
 1.002633021753499
 1.002694875731887
 1.00275578128719
 1.002815765663449
 1.002875049359899
 1.002933615844902
 1.002991715030536
 1.003049276161303
 1.00310627862199
 1.00316261662427
 1.003218504719408
 1.003273810257097
 1.003328175689143
 1.003381417351297
 1.003433903817267
 1.003485463325513
 1.003536193000311
 1.003586191992743
 1.003635344877212
 1.003683277035345
 1.003730620977153
 1.003777476662196
 1.003823545214338
 1.003868584122604
 1.003912497812475
 1.00395491998721
 1.003996162627808
 1.004036765695832
 1.004076403770648
 1.004115020156017
 1.004152698499223
 1.004189618482596
 1.004225569169055
 1.004260674310852
 1.004294574992573
 1.004327430975439
 1.004359172444063
 1.00438995549388
 1.004419650811403
 1.004448534679011
 1.004476428401795
 1.004503281460444
 1.004529036117631
 1.004553851789652
 1.004577525784537
 1.004600177109374
 1.004621780372412
 1.00464268301093
 1.004663066724596
 1.004682898607115
 1.004701918229106
 1.004719912283736
 1.00473707977633
 1.004753667198533
 1.004769414285848
 1.00478386414704
 1.004796973988517
 1.004809380881367
 1.004821335695574
 1.004832600586728
 1.004842958549958
 1.004852305562433
 1.00486026362575
 1.00486712329638
 1.004873949332123
 1.004880847671217
 1.004887112932091
 1.004893035151784
 1.004898650470041
 1.004903644401697
 1.004907517626664
 1.004910221447171
 1.004912058296174
 1.004913462781106
 1.004914102656697
 1.004913951659892
 1.004913238929504
 1.004912246659317
 1.004910504798399
 1.004908169046187
 1.004905496015656
 1.004902975829139
 1.004900197336002
 1.004897363228255
 1.004894049566923
 1.004890255410777
 1.004885993488486
 1.004881249036812
 1.004875610130169
 1.004868944045368
 1.004861668819741
 1.004854396704977
 1.00484738185306
 1.004840488424678
 1.004833571022689
 1.004826279560895
 1.004818708949411
 1.004811096317901
 1.004803791732701
 1.004796226122296
 1.004787924979479
 1.004778923874476
 1.004769407134825
 1.004759993559899
 1.004750665114827
 1.004741140897752
 1.00473098700827
 1.004720295095491
 1.004708885261679
 1.004696966439404
 1.004684530964328
 1.004671573961051
 1.004657987569097
 1.004644091619792
 1.004629957595331
 1.00461561258313
 1.004600733727496
 1.004585528992193
 1.004569852403786
 1.004552841433825
 1.004534131748236
 1.004513695600269
 1.004492171466206
 1.004470340514932
 1.004448084637203
 1.004425111048668
 1.004401522386619
 1.004377353547775
 1.004352382549866
 1.004326780847831
 1.004300615030105
 1.004274095215618
 1.004246965671184
 1.004219290810775
 1.004190906930765
 1.004161720927437
 1.004131412008824
 1.004100117039198
 1.004067879711873
 1.004034959020224
 1.004001360881879
 1.003967166561609
 1.003931826657446
 1.003895569102279
 1.003858739587771
 1.003821423273983
 1.003783613306583
 1.00374527257387
 1.003706379489878
 1.003667252121874
 1.003627586827359
 1.003587386902667
 1.003546426028841
 1.003504956218499
 1.003462956987807
 1.003420694383961
 1.003377900438637
 1.003334953501077
 1.003291576641051
 1.003247972150541
 1.003203723595738
 1.003159198736797
 1.00311430862751
 1.003069194163557
 1.003023750974827
 1.002977923114198
 1.002931544489459
 1.002884644142155
 1.002837366768429
 1.002790001057084
 1.002742296461222
 1.002694258607198
 1.002645889718969
 1.002597421754582
 1.002548574288319
 1.002499561233469
 1.002450193376785
 1.002400518370037
 1.002350370294126
 1.00230012181553
 1.002249961796606
 1.002199797310199
 1.002149497849459
 1.002098990731498
 1.002048075681322
 1.001996548424165
 1.001944419264661
 1.001891910851931
 1.001839114778435
 1.001785936458404
 1.001732330071387
 1.001678221077005
 1.00162368592335
 1.001568632864845
 1.001513175478364
 1.00145721248781
 1.001400811118418
 1.001343991842327
 1.001286723873507
 1.001229031452616
 1.001171001224068
 1.00111240606085
 1.001053106162297
 1.000993164916491
 1.000932644385569
 1.000871540661777
 1.000809886897758
 1.000747590416462
 1.000684860526653
 1.000621278652245
 1.000556922307801
 1.000491968569576
 1.000426535413572
 1.000360535753022
 1.000293784146574
 1.000226321889648
 1.000158340621268
 1.00008991840841
 1.00002084472411
 0.9999512914659894
 0.9998811016919712
 0.9998104194931606
 0.9997391510886888
 0.9996674796375958
 0.9995952948058483
 0.9995227960985742
 0.9994498549655807
 0.9993766296573801
 0.9993030352387201
 0.9992291051630507
 0.9991548603251535
 0.9990801386545344
 0.9990051677362951
 0.9989296597719695
 0.99885385656332
 0.9987774620849974
 0.9987008424391038
 0.9986238200038478
 0.9985466519694672
 0.9984692749946544
 0.9983919013246553
 0.9983144347920537
 0.9982369921558719
 0.9981597449575076
 0.9980828094275636
 0.9980062319943447
 0.9979299818738171
 0.997853511267479
 0.9977762156254711
 0.9976994166390765
 0.9976230656102331
 0.997546537808099
 0.9974694342341903
 0.9973922625477396
 0.9973157336368718
 0.9972407059846521
 0.9971652709228707
 0.9970881171490035
 0.9970105380973383
 0.9969331417176649
 0.9968555060307401
 0.9967777361866282
 0.9966999966679418
 0.9966222477386528
 0.9965444813710922
 0.9964669204095467
 0.996388898709602
 0.9963100097640256
 0.9962306538833733
 0.9961504678340021
 0.9960696372983538
 0.9959884644177428
 0.9959067143195696
 0.9958243393184896
 0.9957413264324683
 0.9956576936236282
 0.9955732898085966
 0.9954882961382953
 0.9954027099798488
 0.9953164946894186
 0.9952294412156188
 0.9951413616965893
 0.9950525129475037
 0.9949627088124723
 0.994872131466138
 0.9947808445733984
 0.994689236160787
 0.9945972034438365
 0.9945045652841283
 0.9944112006379017
 0.9943172174121618
 0.9942225690058053
 0.9941275191348644
 0.9940318212800855
 0.9939356234613438
 0.9938389329772199
 0.9937425502950824
 0.9936460233869138
 0.9935487029342396
 0.99345301005571
 0.9933592772408972
 0.9932661576920074
 0.9931729144315523
 0.9930794348647268
 0.9929870950785428
 0.9928980374246229
 0.9928099566311445
 0.9927179293600144
 0.9926277119417094
 0.9925417324788067
 0.9924574985055444
 0.9923733403350207
 0.9922894336387807
 0.9922065435656479
 0.9921261940897922
 0.9920484202404649
 0.9919705492564324
 0.9918928486946236
 0.9918158327284887
 0.9917388530908028
 0.9916622692422219
 0.9915865668846345
 0.9915120920169155
 0.9914387413697709
 0.9913666334551879
 0.9912954191416552
 0.9912253969021387
 0.9911565539530492
 0.9910884470119736
 0.9910197794300395
 0.9909515135439698
 0.9908839985147978
 0.9908172697550245
 0.9907506657844407
 0.9906845712942814
 0.9906192332981482
 0.9905548618054729
 0.9904914775540417
 0.9904292371474731
 0.9903677228644865
 0.9903070356188983
 0.9902470064110432
 0.9901879986685131
 0.9901300031387144
 0.9900735460999666
 0.9900180779531175
 0.9899642560208194
 0.9899100793162241
 0.9898562398292106
 0.9898058820583855
 0.9897579264437695
 0.9897103871562516
 0.9896620449374175
 0.989612317462767
 0.9895631958179385
 0.9895187445826696
 0.9894760961194221
 0.9894278913706002
 0.9893810162860004
 0.9893392614314712
 0.9892988691704993
 0.989257131645091
 0.9892131462002818
 0.9891681572176275
 0.9891253041158932
 0.9890845713484158
 0.9890432102633482
 0.989001351641129
 0.9889589582252275
 0.9889145880917229
 0.9888668313441712
 0.9888147064682883
 0.9887584685685227
 0.9886991705726315
 0.9886375878265613
 0.9885736424112148
 0.9885071984474598
 0.9884384443117231
 0.9883670960069942
 0.9882920866375652
 0.9882126893726555
 0.9881285753657599
 0.9880399701198962
 0.98794647224601
 0.9878486601054726
 0.9877470325840667
 0.9876419276411966
 0.9875339674979579
 0.9874233684609995
 0.9873099293467725
 0.9871936663831197
 0.9870748074492202
 0.9869540985636708
 0.9868317322028886
 0.9867074349085752
 0.9865809871767665
 0.9864540852821834
 0.9863241494914473
 0.9861917607605259
 0.9860632171374066
 0.9859369033785371
 0.9858087394375548
 0.9856784507394698
 0.9855485358055626
 0.9854260665069016
 0.9853102213861995
 0.985188732037367
 0.9850686136046868
 0.9849613641933646
 0.9848611537292217
 0.9847643464633096
 0.984672489573075
 0.9845891702803165
 0.9845123915793773
 0.9844429375823147
 0.9843816542082975
 0.9843219111596663
 0.9842612735424148
 0.9842064190799595
 0.9841573751650614
 0.9841284805970602
 0.9841231362978312
 0.9841390438143783
 0.9841673575234138
 0.9841981405604737
 0.9842375059175484
 0.9842927543595377
 0.9843494859930343
 0.9844076522942862
 0.9844748488073063
 0.9845507820230626
 0.9846272648774584
 0.9847039328786975
 0.9847818040367241
 0.9848600274737731
 0.984936552701684
 0.9850108984848184
 0.9850812480855062
 0.9851460008368631
 0.985203803574938
 0.9852562320250853
 0.9853011769601624
 0.9853372247505197
 0.9853676869809221
 0.9853926143596917
 0.985411588120119
 0.9854235818928054
 0.9854277369437932
 0.985427418245353
 0.9854236330607832
 0.9854133091817098
 0.9854013773895792
 0.9853854019416173
 0.9853781447029586
 0.9853832513356814
 0.9853827930390581
 0.9853781931392708
 0.9853700805317103
 0.9853757302266815
