# Created by Octave 3.2.4, Fri Feb 19 16:28:09 2016 EST <k3thomps@k3thomps-HP-2000-Notebook-PC>
# name: first_s
# type: matrix
# rows: 2001
# columns: 1
 0
 0
 0
 0
 0
 0
 0
 0
 0
 0
 0
 0
 0
 0
 0
 0
 0
 0
 0
 0
 0
 0
 0
 0
 0
 0
 0
 0
 0
 0
 0
 0
 0
 0
 0
 0
 0
 0
 0
 0
 0
 0
 0
 0
 0
 0
 0
 0
 0
 0
 0
 0
 0
 0
 0
 0
 0
 0
 0
 0
 0
 0
 0
 0
 0
 0
 0
 0
 0
 0
 0
 0
 0
 0
 0
 0
 0
 0
 0
 0
 0
 0
 0
 0
 0
 0
 0
 0
 0
 0
 0
 0
 0
 0
 0
 0
 1.037222756907526e-22
 2.520353040929741e-19
 2.035654814269267e-16
 7.007111125828078e-14
 1.115086399928651e-11
 8.466012304825673e-10
 3.103723312293049e-08
 5.655180215592835e-07
 4.892556205666812e-06
 2.798701703697465e-05
 7.511054873999636e-05
 0.0001380690471197119
 0.0002014217450968969
 0.000267241072415947
 0.000339387271497735
 0.0003841193198160473
 0.0003833783971629267
 0.0003233974476993152
 0.0002172929544463434
 7.254343998341235e-05
 -9.955137669261122e-05
 -0.0001746250363839864
 -0.0001957707080692106
 -0.00019194360681429
 -0.0001842154111241846
 -0.0001685926721632738
 -0.0001309539609889913
 -6.550897506657284e-05
 1.731272453787114e-05
 8.951484078786168e-05
 0.000144988837088867
 0.0001894200038201058
 0.0002323127384736234
 0.0002768527919992137
 0.0003062982200972446
 0.0002890811780908837
 0.0002172959123548681
 0.0001292508453559211
 5.606655603873352e-05
 3.553272187788208e-05
 5.347935143895817e-05
 9.117597161551526e-05
 0.0001397587923514917
 0.0001966210738130134
 0.0002558426732576281
 0.0003115511177655212
 0.0003615777146042005
 0.0004078872026181417
 0.0004523851571323048
 0.0004940635403345827
 0.0005280669104416628
 0.0005530532227507142
 0.0005637968829550181
 0.0005588230592994842
 0.0005417128623261193
 0.0005162982314718379
 0.0004876128553555131
 0.0004649764799146203
 0.0004519317039038869
 0.0004490878604176687
 0.0004568895600298631
 0.0004707323923637443
 0.0004855989353662651
 0.0004972758717054201
 0.0005015104935099576
 0.0004934268653626543
 0.0004701874912737864
 0.0004365280910176718
 0.0003969766299476185
 0.0003581740011595798
 0.0003276643639413948
 0.0003112027247570282
 0.000313746895576333
 0.0003274837963722639
 0.0003457855450862593
 0.0003650675260235935
 0.0003832474669774936
 0.0003975979811624073
 0.0004072869917839197
 0.0004073180930452799
 0.0003867904456995364
 0.0003353926218825381
 0.0002589461859795745
 0.0001710494919107322
 8.807890234063399e-05
 2.574830406735426e-05
 -9.972172569272534e-06
 -2.074146925302564e-05
 -8.91198445080469e-06
 1.294000751936924e-05
 3.134908063614846e-05
 3.695598248194019e-05
 1.839049293803168e-05
 -2.166295518188626e-05
 -7.953174514066068e-05
 -0.0001522038143895286
 -0.0002296120660992218
 -0.0003004886348867313
 -0.0003505645434385527
 -0.0003622298274973645
 -0.0003373894306905958
 -0.0002871980358901384
 -0.0002239191898626956
 -0.000153415017496881
 -7.905326539507549e-05
 -7.174785344389823e-06
 5.657923113913136e-05
 0.0001093503384881627
 0.0001448280647786398
 0.0001633229402238168
 0.0001639544275791807
 0.0001496811579327872
 0.0001233697270119374
 9.128170663302671e-05
 6.477131035372401e-05
 5.460287229626525e-05
 7.172150127516615e-05
 0.0001146404659174335
 0.0001713557113014699
 0.0002297599564583522
 0.0002820327111084492
 0.0003486555746167104
 0.0004252216149540115
 0.0005031018447377793
 0.0005710292141970041
 0.0006202312383901913
 0.0006434371381464753
 0.0006430653719251803
 0.0006220515163839784
 0.00059092318358761
 0.0005496981983918817
 0.0005084663712351078
 0.0004760349163813931
 0.0004548497515949289
 0.0004449012175247878
 0.0004490026502446335
 0.0004669809943082876
 0.0004973938835359031
 0.0005367977971124058
 0.0005805409954220566
 0.000623317307973956
 0.0006593086852592388
 0.0006842939150588102
 0.000693150001401122
 0.0006825255734608392
 0.0006501596107975024
 0.0005975028054662257
 0.0005315109383055021
 0.0004614742597057254
 0.000399625273032454
 0.0003552712503563205
 0.0003274410009325168
 0.0003202927874581409
 0.0003392518000278084
 0.0003820104441403842
 0.0004312756166201829
 0.0004809967700505995
 0.0005180552471441899
 0.0005314823547848725
 0.0005132879080975971
 0.0004629649942871208
 0.0003902083174077348
 0.0003040495994852478
 0.0002177571724797283
 0.0001515909999289009
 0.0001134911596190188
 9.552788596262299e-05
 9.753928991274469e-05
 0.0001136209162856355
 0.0001391207583784993
 0.000166432582723502
 0.0001886157033209788
 0.0002012571854837438
 0.0001995942045269183
 0.0001788985382427508
 0.0001403336190753964
 9.255966270249658e-05
 4.404732235517946e-05
 1.948664596580743e-06
 -2.494606664384479e-05
 -3.72469983743455e-05
 -3.870468714277082e-05
 -3.37625226117735e-05
 -2.380141033246079e-05
 -1.180491828027431e-05
 -2.346893196019661e-06
 2.72628149801817e-06
 3.462248619812094e-06
 7.352416778338855e-07
 -3.79626208139571e-06
 -7.877846232645404e-06
 -1.04823149674623e-05
 -1.371508861284841e-05
 -2.176352871454064e-05
 -3.232538855868724e-05
 -4.45858593687549e-05
 -5.645518756007165e-05
 -6.656495683519115e-05
 -7.388689488417592e-05
 -7.752435579775698e-05
 -7.685248934690009e-05
 -7.269568606600482e-05
 -6.612236252190682e-05
 -5.773858205275121e-05
 -4.813112770825071e-05
 -3.79610985499266e-05
 -2.767020686123561e-05
 -1.727667901147864e-05
 -6.352239937865897e-06
 6.390600394682561e-06
 2.605917991261119e-05
 5.706519154095109e-05
 9.763930399602535e-05
 0.0001453671596909267
 0.0001951806289470617
 0.0002445473827220571
 0.0002923934662414349
 0.0003378753074167441
 0.0003814364010269371
 0.0004237964411317629
 0.0004666039045104654
 0.0005120533573743446
 0.0005622362821290012
 0.0006180993437627572
 0.0006783393659556682
 0.0007413217160903478
 0.0008051250974078382
 0.0008656430089898963
 0.0009197402205573759
 0.0009651250922448205
 0.0009983439553228125
 0.001016563985615452
 0.001026436946068012
 0.001035788692743663
 0.001049358539264097
 0.001069447070184141
 0.001096116234183789
 0.001133343316303559
 0.001176733573427655
 0.001223258455477807
 0.001268740078473205
 0.001307704946824363
 0.001335425893235963
 0.001350283930851891
 0.001349739431426934
 0.001337772112631196
 0.00132081450106213
 0.001302738412467488
 0.00128671927667562
 0.001275548342273416
 0.001270793780979854
 0.001272416746973988
 0.001279764667285286
 0.001289546729603993
 0.001297426452277746
 0.001297922849632729
 0.001279445542935009
 0.001236022160209117
 0.001179905468055044
 0.001116762434668798
 0.001050552339686996
 0.0009865469800371428
 0.0009308935580517387
 0.0008925459997040981
 0.0008696641986247749
 0.0008552888362292082
 0.0008487083238629846
 0.000844905030017643
 0.0008389952338029831
 0.0008243721733511247
 0.0007992347763339697
 0.0007620064295951238
 0.0007147943263924686
 0.0006610619505248672
 0.0006065168170492008
 0.0005554364400571403
 0.000512056190872189
 0.0004768810760197398
 0.000449234682693714
 0.0004272050758239578
 0.0004092682972004653
 0.0003916979519002407
 0.0003707024677288239
 0.0003429570392543665
 0.0003083144796946628
 0.0002643459375985517
 0.0002152400002672941
 0.0001648783009320111
 0.000117565923259681
 7.807765748947902e-05
 4.332484876235128e-05
 1.664432720671543e-05
 3.925159730005196e-07
 -8.928692241982015e-06
 -1.327677243522086e-05
 -1.783365959378004e-05
 -2.570705845666192e-05
 -3.869590062988304e-05
 -6.092538174791386e-05
 -9.552554125613402e-05
 -0.0001307202872950725
 -0.000164679043640856
 -0.0001950874033587774
 -0.0002183495692778875
 -0.0002319677789569405
 -0.0002384138710393384
 -0.0002397028435892423
 -0.0002384170495543687
 -0.0002365423722366723
 -0.0002356836630372205
 -0.0002371879127635271
 -0.000240570932181746
 -0.0002455394144627653
 -0.0002520101162457837
 -0.0002587718519488039
 -0.0002624490551546388
 -0.0002613086838226387
 -0.0002542133918991101
 -0.0002424530713360413
 -0.0002251646852103904
 -0.0002051468639242864
 -0.0001839100910344078
 -0.0001652110717610706
 -0.0001539709217641034
 -0.0001487201157055346
 -0.0001487513080614884
 -0.0001520919694937406
 -0.0001572160246886543
 -0.0001616421362635646
 -0.0001621988444251037
 -0.0001577674410011429
 -0.0001492967058599837
 -0.0001377443109858307
 -0.0001235729484231451
 -0.0001077417155591517
 -9.208455126610084e-05
 -7.952478763246571e-05
 -7.063441625320718e-05
 -6.449162588827289e-05
 -6.07168922374313e-05
 -5.898248816863264e-05
 -5.808331169921365e-05
 -5.725261097161381e-05
 -5.536598244598766e-05
 -5.17737493284758e-05
 -4.59811006095971e-05
 -3.772297778577654e-05
 -2.759457267405082e-05
 -1.63197873264251e-05
 -4.366606582747427e-06
 7.237887973465895e-06
 1.752077144527473e-05
 2.579616921752804e-05
 3.174522541732276e-05
 3.581133632887426e-05
 3.844998079252663e-05
 4.082865242181869e-05
 4.549766547685299e-05
 5.489161517500243e-05
 6.684983137334344e-05
 8.052387159329506e-05
 9.443436453082497e-05
 0.0001066468552337518
 0.0001168681516216985
 0.0001250321780651344
 0.0001317811286384328
 0.0001377557820205863
 0.0001435137064439064
 0.0001493968396225155
 0.0001559393094616933
 0.000163477608492293
 0.0001720361460064857
 0.0001815693723361837
 0.0001922125711574446
 0.0002041722511369711
 0.0002179898255720864
 0.0002343813719323754
 0.0002527529604776381
 0.0002721689090188287
 0.0002923119700373805
 0.0003132956876538591
 0.0003349417213407386
 0.00035706415093036
 0.0003796135176303495
 0.0004023904254903541
 0.0004254395429349345
 0.0004487894234498219
 0.000472506243156622
 0.0004963774852538503
 0.0005201493321589766
 0.0005433693583160557
 0.0005658830886532975
 0.0005871688506064366
 0.0006075789362802234
 0.0006270058600757416
 0.0006455980684630447
 0.0006633768927530659
 0.0006799759028294165
 0.0006959126046096469
 0.0007118924709232576
 0.0007283053451533415
 0.0007454545676150503
 0.0007636589219677796
 0.0007827055787056805
 0.0008022060519435999
 0.0008218759478792316
 0.000841259128362383
 0.0008598155538038766
 0.0008771251658576048
 0.0008931278598601108
 0.0009071957500025606
 0.0009191822395015811
 0.0009290104278477896
 0.0009369837351559106
 0.0009426557012546204
 0.0009464346688717415
 0.0009488367888152631
 0.0009500368393283636
 0.000950618501883593
 0.0009504401340355549
 0.0009492765925705826
 0.0009475410326218178
 0.0009455923740652769
 0.0009436844414624762
 0.0009416992567180964
 0.0009395264124133438
 0.00093695208738484
 0.0009341057351504198
 0.0009308776350078592
 0.0009271878474979701
 0.000922535575158132
 0.0009168252827255265
 0.0009106230183348759
 0.0009041592522092693
 0.0008976277551359704
 0.0008911667372501809
 0.0008850989301804593
 0.0008797441945886448
 0.0008755394130152624
 0.000872359193833406
 0.0008704511383330318
 0.0008709695627842921
 0.0008747109600360989
 0.0008800149538080921
 0.0008863141086289097
 0.0008939066117418533
 0.0009034693346725761
 0.0009150853192350675
 0.0009283683477925431
 0.0009431269222145875
 0.0009594716097040223
 0.0009776417713163123
 0.000997721451536038
 0.001019888582543747
 0.001044473335473424
 0.001071935981806109
 0.001102895896610319
 0.001137672182427627
 0.001176449644796083
 0.001219411108525374
 0.001266609270978571
 0.00131744492992097
 0.001372121397488688
 0.001430219633593925
 0.001491617386252915
 0.00155593405375411
 0.00162295552004319
 0.001692906198418695
 0.001766186519465845
 0.001842986430865194
 0.001923679920677334
 0.002008396138295588
 0.002097609458783522
 0.002191597300946977
 0.002289995965452926
 0.002393566126188166
 0.002501678178001868
 0.002615061476534159
 0.002732395958805163
 0.002855265211032757
 0.002982223520571346
 0.003113454158823182
 0.003248615588570884
 0.003387039013710049
 0.003529225526648166
 0.003675286628460126
 0.003825160822492043
 0.003978352249326084
 0.004136893804288897
 0.004299118477629079
 0.004465521973791888
 0.004635989153191096
 0.004810378596312565
 0.004988345779648268
 0.005169605269719366
 0.00535376941174589
 0.00554076186261218
 0.005730851712475712
 0.005923500020454232
 0.006118763242997323
 0.00631638915251522
 0.006516310635579872
 0.006718499673747685
 0.006922852060635549
 0.007129287569089827
 0.007337458927440375
 0.007547446219430193
 0.007758303993052947
 0.007970857224161337
 0.008182883991172009
 0.008395732990127521
 0.00860631252838589
 0.008815663669154416
 0.009024253075877882
 0.00923253774706829
 0.009441324218708755
 0.009649108857634557
 0.009855377518807343
 0.01005817074675895
 0.01025904545742513
 0.01045787292284283
 0.01065651255023311
 0.01085317775350545
 0.01104507107725047
 0.0112367602750052
 0.01142475551824863
 0.01161124097935939
 0.0117930786363119
 0.011972617103016
 0.0121500708767859
 0.01232406103373482
 0.01249632372470142
 0.01266644376700907
 0.01283463120077754
 0.01300038465193402
 0.01316420081652083
 0.0133259273482904
 0.01348580543249649
 0.01364382573325485
 0.01380063884788799
 0.0139567066705589
 0.0141117764239273
 0.01426603693509678
 0.0144197947266842
 0.01457304875207332
 0.01472665652582092
 0.01488084284974512
 0.01503592273697217
 0.0151921529075696
 0.01534996335024068
 0.0155094005717367
 0.01567105807709697
 0.01583548158302195
 0.01600303736855233
 0.0161741346348805
 0.01634928620692225
 0.01652875277314395
 0.01671298427763614
 0.01690238914314945
 0.01709729645638162
 0.01729789985512546
 0.01750457884170884
 0.01771746534596787
 0.01793700902970892
 0.018163494920229
 0.0183974213693874
 0.01863918352198688
 0.01888910182706429
 0.01914750697787285
 0.01941453196445054
 0.01969050475956978
 0.01997560819718649
 0.02027001715136181
 0.02057353041129604
 0.02088617929447152
 0.02120791599284918
 0.02153854294854779
 0.02187795741132142
 0.02222625448277388
 0.02258328210117809
 0.02294901309286662
 0.02332302277108349
 0.02370526397016487
 0.02409529733687004
 0.02449316681230326
 0.02489847090618496
 0.0253109146000562
 0.02573030279529442
 0.02615634678313348
 0.02658835885396284
 0.02702600345277684
 0.02746882031257377
 0.02791603017761111
 0.02836715229994114
 0.02882181931278961
 0.02927950366600627
 0.02973931107660088
 0.03020078285339061
 0.03066309202284265
 0.03112552747350788
 0.03158733174448267
 0.03204831538872121
 0.03250864419460438
 0.03296829959936572
 0.03342680451746033
 0.03388383142772926
 0.03433880589798043
 0.03479015398293348
 0.03523635770146924
 0.03567733199674565
 0.03611315779615983
 0.03654394626204723
 0.03696981445552646
 0.03739116181239859
 0.03780808360406394
 0.03822099521776125
 0.0386290866518232
 0.03903201957222258
 0.03942974995676655
 0.03982203157350708
 0.04020909966604687
 0.04059170001634702
 0.04096948128905079
 0.04134153787510416
 0.0417080471615587
 0.04206992748685845
 0.0424280292608013
 0.04278263814303657
 0.04313459592137202
 0.04348516744713583
 0.04383516291999854
 0.04418472210135932
 0.04453481365923724
 0.04488692097770623
 0.04524184422300428
 0.04560055952805588
 0.04596064919679596
 0.04632200171684434
 0.04668838131820285
 0.04705667940865106
 0.04742688775201453
 0.04780136723812106
 0.04817956208474403
 0.04856121350817649
 0.04894751392265084
 0.04933919923627572
 0.04973724969680988
 0.05014125675117747
 0.05055310514107793
 0.05096239107078295
 0.05136969692486819
 0.05178691117040368
 0.05221270704122137
 0.05264477475101214
 0.05308535821227914
 0.05352984054388037
 0.05398308342070035
 0.05444292103930701
 0.0549118363715197
 0.05539140343959219
 0.05586897791960397
 0.05634427751775228
 0.0568285593890299
 0.05731993528054517
 0.05781878633372518
 0.05832386789926267
 0.05883389844733185
 0.05934842264371756
 0.05986737875622877
 0.06039158538241862
 0.06091813780890216
 0.06144839141800241
 0.06198641598139213
 0.06252837779002676
 0.06307463482970556
 0.0636269179328585
 0.06418182102389211
 0.06474036256376445
 0.06530214765515792
 0.06586600617355613
 0.06643169947184552
 0.06699845707796233
 0.06756573961117994
 0.06813353138633954
 0.06870195172379073
 0.06927037395817001
 0.06983777376712094
 0.07040399075208807
 0.07096943501682017
 0.07153373591769585
 0.07209652233439041
 0.07265760194690225
 0.07321760625546871
 0.07377758664848448
 0.07433800036051362
 0.07489822174932696
 0.0754575389707107
 0.07601561695258094
 0.07657285072099138
 0.07712995328812502
 0.07768768632623145
 0.07824727971141303
 0.07880947259246228
 0.07937553856919334
 0.07994547344846245
 0.08051928098404834
 0.08109695204306533
 0.08167923431816783
 0.08226601780027427
 0.08285813552469602
 0.08345670562157843
 0.08406188465621532
 0.08467370540630617
 0.08529440261620813
 0.08592592067600587
 0.08656950286367823
 0.08722589479583216
 0.08789508568384835
 0.08857636766674798
 0.08926969103972411
 0.08997602534365307
 0.09069646377110163
 0.09143196227175063
 0.0921825809481026
 0.09294938822878991
 0.09373349674417404
 0.09453639346975842
 0.09535845818486534
 0.0961996944626389
 0.09706002790443892
 0.09793994031034793
 0.09883959474332363
 0.09975893661154259
 0.1006980725297865
 0.1016573971308685
 0.1026373802840259
 0.1036382925030839
 0.1046606534263033
 0.1057053059304442
 0.1067728109443436
 0.1078631863455115
 0.1089765076095726
 0.1101129877717052
 0.1112727404933982
 0.1124565052405149
 0.1136648377981839
 0.1148978145393781
 0.1161546821917825
 0.1174353500941546
 0.1187400702106835
 0.1200695156343913
 0.1214242996905034
 0.1228045964578417
 0.124210282095052
 0.1256410757509822
 0.1270968921299058
 0.1285781001906863
 0.1300850492702333
 0.1316179564681835
 0.1331765624728196
 0.1347605211247862
 0.1363696590518382
 0.13800365334466
 0.1396623638555745
 0.1413462721223878
 0.1430564659417773
 0.1447940001460689
 0.1465593324823559
 0.1483523120547049
 0.150172580207483
 0.1520195961427955
 0.1538937059478235
 0.1557952512780399
 0.1577241429756309
 0.15967994993133
 0.1616624195002121
 0.1636713395033343
 0.1657066775062097
 0.1677686981782378
 0.1698580411648549
 0.1719751328186607
 0.1741201823754973
 0.1762932678787807
 0.1784957144072213
 0.1807283155954706
 0.1829905970024095
 0.185281392434231
 0.1875994438439644
 0.1899434856380512
 0.1923136094445595
 0.1947108737572654
 0.1971366852750122
 0.1995909396447683
 0.202071471249744
 0.2045762583189682
 0.2071047072084082
 0.2096582450338758
 0.2122361343901266
 0.2148373113831603
 0.2174624391698964
 0.2201133211086726
 0.2227865315720482
 0.2254809027567756
 0.2281962811848346
 0.2309303409838317
 0.2336806621193516
 0.2364453974205942
 0.2392233901115976
 0.2420166074086397
 0.2448278386376537
 0.2476531637591208
 0.2504889046605551
 0.2533387335624961
 0.2562060223765107
 0.2590894631315574
 0.2619854528687788
 0.2648926474436416
 0.2678101715748994
 0.2707402780747257
 0.2736816571899973
 0.2766321646211865
 0.2795925858172424
 0.2825582731573306
 0.2855239500907226
 0.28848604155635
 0.2914449754475086
 0.2944018655939112
 0.2973614745012695
 0.3003224567989748
 0.3032871660404721
 0.3062533621640003
 0.3092250853012299
 0.3122026516492113
 0.3151848031922109
 0.3181687633371629
 0.3211541324048885
 0.3241392868950395
 0.3271177740169342
 0.3300881714431772
 0.3330460541237555
 0.3359852342601416
 0.338904834142176
 0.3418139284073817
 0.3447198948159597
 0.3476233005569029
 0.3505351615979151
 0.3534543705923023
 0.3563461104511995
 0.3591663460634535
 0.3619376960491915
 0.3647033464423722
 0.3674748471732651
 0.3702375347526111
 0.3729924067869214
 0.3757363116711608
 0.378464018319642
 0.3811780877439307
 0.3838713564750242
 0.3865430139185608
 0.3891965593341056
 0.3918366829282409
 0.3944643881398238
 0.3970819805006718
 0.3996899409539428
 0.402287282113769
 0.4048697652604943
 0.407436010205767
 0.4099821475041161
 0.4125059925538137
 0.41500465703565
 0.4174772113419783
 0.4199208522631821
 0.42233497407298
 0.4247179114226557
 0.4270674024789051
 0.4293808033729621
 0.4316571444353793
 0.4338935360969097
 0.4360884150433924
 0.4382385637669649
 0.4403430982406908
 0.4423982457208037
 0.4444013227972997
 0.4463518590203318
 0.4482451789483026
 0.4500836269213522
 0.4518598377137614
 0.4535685902387043
 0.4552233154949414
 0.4568032660154455
 0.458307775359175
 0.4597465708171711
 0.4611156498748507
 0.4624138145252388
 0.4636365777710222
 0.4647831782952362
 0.4658543245033655
 0.4668389974957813
 0.4677496422530055
 0.4685259729703313
 0.4691617309027015
 0.4697239494661929
 0.4701967774514111
 0.4705972639180407
 0.4708970450643149
 0.4709867212347458
 0.4709755058671578
 0.4708908108066489
 0.4707139626972826
 0.4704603666091312
 0.4700627317479745
 0.4695324605611787
 0.4689293352131328
 0.4682430505496579
 0.4674818617013837
 0.466642329757426
 0.4657226200212067
 0.4647270757951163
 0.4636583947022038
 0.4625200734430545
 0.461301982319807
 0.4600067329502687
 0.458653318677862
 0.4572292204855949
 0.4557380925858642
 0.4541885601303225
 0.4525755956835317
 0.4509035124243993
 0.4491733589433247
 0.447388434710561
 0.4455506524886131
 0.4436624152284364
 0.4417269207036907
 0.439747552887919
 0.4377270491566131
 0.435666988598247
 0.433567098062952
 0.4314285910486831
 0.4292538987744776
 0.4270439355241016
 0.4247993275762415
 0.4225211609273259
 0.420210428384652
 0.4178688812437402
 0.4154977653284154
 0.4130964054553866
 0.4106669168508469
 0.4082129778089593
 0.4057371908139613
 0.4032404831668
 0.4007243611386851
 0.3981893824112031
 0.3956341930693753
 0.3930560249473118
 0.3904536841707091
 0.3878291992415293
 0.3851874037975531
 0.3825327697116465
 0.3798628043414512
 0.3771735001318808
 0.374463278455211
 0.3717343519374665
 0.3689864780641976
 0.3662192321705869
 0.3634344966773393
 0.3606365761422846
 0.3578283763633605
 0.3550109717576796
 0.3521838996018069
 0.3493459413565783
 0.3464958591889413
 0.3436321624185814
 0.3407534817564644
 0.3378570646022701
 0.3349418001433961
 0.3320115683811358
 0.3290704972431402
 0.3261201602977646
 0.3231608408034659
 0.3201921964642564
 0.3172147402215737
 0.3142300279109341
 0.3112388471127619
 0.3082404188923382
 0.305237229595043
 0.3022306062185076
 0.2992184227122754
 0.2961987892422902
 0.293175031215917
 0.2901514842351646
 0.2871322266006934
 0.2841171834060184
 0.2811044024608122
 0.2780905529560683
 0.2750741788899657
 0.2720580693556724
 0.2690477731844736
 0.2660483657924756
 0.2630600442022664
 0.260083456134117
 0.2571193728421606
 0.2541678833491759
 0.2512274515631576
 0.248299516588448
 0.2453851855422781
 0.2424841529013448
 0.2395976821859113
 0.2367278386116898
 0.2338763224894287
 0.2310449683049331
 0.2282349892593503
 0.2254498471049307
 0.2226904140707547
 0.2199558971880606
 0.2172457372499795
 0.2145609157376336
 0.2119018909539467
 0.2092700864388757
 0.2066640326963599
 0.2040833709742265
 0.2015292412936578
 0.199003690517852
 0.1965076604820821
 0.1940417141891807
 0.1916055211023778
 0.1891986337557786
 0.1868199229428047
 0.1844703678785636
 0.1821507245231653
 0.1798611824782129
 0.1776010789874105
 0.1753712214339311
 0.1731720282089221
 0.171004294381719
 0.1688677363097285
 0.1667624415026288
 0.1646882192467911
 0.1626447188490981
 0.1606312189760736
 0.1586469790259693
 0.1566910933586005
 0.1547640314207165
 0.1528661013412741
 0.1509977037268408
 0.1491587629693771
 0.1473479806719453
 0.1455656397072889
 0.1438119714316349
 0.1420855409468869
 0.1403872614400031
 0.1387177763285161
 0.1370760695930569
 0.1354626746928094
 0.1338784036659199
 0.1323231993989328
 0.1307965539714138
 0.1292971695460043
 0.1278238883693043
 0.1263758199070823
 0.124952999390343
 0.1235560792723977
 0.1221854013825621
 0.1208403143871783
 0.119520436818456
 0.1182254336368113
 0.1169553000687946
 0.1157101431081247
 0.1144905304637665
 0.1132957614980401
 0.1121256516346102
 0.1109798873289733
 0.1098591361882206
 0.108762381733999
 0.1076890271510875
 0.106638085484132
 0.1056097996770781
 0.104603548486658
 0.1036188400392468
 0.1026550751839184
 0.1017122893252333
 0.1007897968077446
 0.09988698056408639
 0.09900318417701846
 0.09813758652493525
 0.09728940189365047
 0.09645861116237298
 0.09564516499101471
 0.09484803102071181
 0.09406646003053981
 0.09330030202619728
 0.09254920457170349
 0.0918128204001265
 0.09109017922351535
 0.09037947556016182
 0.08967963278675882
 0.08899068014194426
 0.08831164672661435
 0.08764184909914589
 0.08698060942359284
 0.08632697204854022
 0.08567964163451616
 0.08503795081392619
 0.08440135641644758
 0.08376965399911979
 0.08314303651430426
 0.08252102440070792
 0.0819029973536561
 0.08128819693635735
 0.08067587284269837
 0.08006442453825718
 0.07945362859796014
 0.07884364900175674
 0.07823424502427948
 0.07762578209342171
 0.07701757884212652
 0.07640884275244554
 0.07580045438919726
 0.07519288516001502
 0.07458563371643451
 0.07397699567468848
 0.07336633116710303
 0.07275445451121723
 0.0721421575453427
 0.07152941720606862
 0.07091570706076396
 0.07029968524789058
 0.0696816364739295
 0.06906318000280835
 0.06844550444624715
 0.06782876384336112
 0.06721433946240032
 0.06660236157379866
 0.06599335665639863
 0.06538888718512113
 0.06478951535165628
 0.06419801736368051
 0.06361187008784212
 0.06302931419074598
 0.06245517312457071
 0.06188417671418639
 0.06131527753461914
 0.06075257171031185
 0.06019566426815467
 0.05964469353216154
 0.05909970048804268
 0.05856161718196512
 0.05803156952623416
 0.05750946746396154
 0.05699738071027403
 0.0564843034261955
 0.05596993870973348
 0.0554667318280776
 0.05497323296010044
 0.05448706654456452
 0.05401015436781764
 0.05353743992719481
 0.05307366262666385
 0.05261691100051041
 0.05216961707730311
 0.05173317484822462
 0.05129673275817296
 0.05085980114502728
 0.05043176818898735
 0.05001089369089961
 0.04959719297693983
 0.04918960512564169
 0.04878677348576625
 0.0483878189215648
 0.04799202918176564
 0.04759985298911706
 0.04720874087613971
 0.04681954481080963
 0.04643585879124572
 0.04605556788322212
 0.0456785370134937
 0.04530599981154191
 0.04493584045512494
 0.04456785774597206
 0.04420115214671931
 0.04383406872985093
 0.04346555059859171
 0.04309613448420797
 0.0427249210395609
 0.04235045302428632
 0.0419730617645109
 0.04159180701136977
 0.04120496591816791
 0.04081257785012275
 0.04041568720592258
 0.0400143084037732
 0.03960792765099557
 0.03919731906467071
 0.03878329291720896
 0.03836516159117633
 0.03794217817621654
 0.03751495147085734
 0.03708316798956242
 0.03664659339715907
 0.03620524110687898
 0.03575885089140741
 0.03530796719672472
 0.0348541153514344
 0.03439724864666003
 0.03393660846869114
 0.03347284503535834
 0.03300712076396148
 0.03254066603916264
 0.03207356200718276
 0.0316062404757558
 0.03113861668600349
 0.03067138176207712
 0.03020461361167845
 0.02973877816647392
 0.02927439708363981
 0.02881200851145277
 0.02835230443428938
 0.02789614480818842
 0.02744406688690057
 0.02699667132084507
 0.02655464623548355
 0.02611847903342531
 0.02568856702737186
 0.02526560231252321
 0.02484982546428009
 0.02444140053150177
 0.02404074922948286
 0.02364800332840102
 0.02326339936820927
 0.02288689589818813
 0.02251895229911522
 0.02215959571065192
 0.0218090754810679
 0.02146735540152151
 0.02113476570023692
 0.02081131077635524
 0.02049741185075834
 0.02019307880305551
 0.01989819223422685
 0.0196127406317543
 0.01933700388391332
 0.01907040878095995
 0.01881231811095916
 0.01856194227099906
 0.01831929454843298
 0.0180843928976348
 0.01785733229707558
 0.01763777997449975
 0.01742505792826751
 0.01721859625334139
 0.01701809786575758
 0.01682326132965677
 0.01663377805863858
 0.01644929564461838
 0.0162696186634431
 0.01609406611002459
 0.01592226562216898
 0.01575389054308105
 0.01558857843021375
 0.01542598955711144
 0.01526586206761573
 0.01510761061942323
 0.01495088525255715
 0.0147953439034919
 0.01464053309704872
 0.01448603971604563
 0.01433156920851159
 0.01417646550619475
 0.01402090541791268
 0.01386486973445687
 0.01370799739714488
 0.01355052947962036
 0.01339185592634882
 0.01323123736334919
 0.01306858779336762
 0.01290390453909645
 0.01273756910345551
 0.01256926993209339
 0.01239919004525759
 0.01222673940963047
 0.01205210007275823
 0.01187346907127028
 0.01169260146550907
 0.01150970878554629
 0.0113232498185372
 0.01113594101651653
 0.01094546538951411
 0.01075475067808361
 0.01055871033993446
 0.01036056610608631
 0.01016236682290498
 0.009962533617173234
 0.009761095083357712
 0.009556244393913791
 0.009349818714581001
 0.009142343084868708
 0.008935330114581336
 0.008727971378192145
 0.008519800156923987
 0.008310368096323026
 0.008098679284561008
 0.007887807108234383
 0.007676524503423529
 0.007466990590623899
 0.007258502056393698
 0.007051904676633736
 0.006847132076144607
 0.006644487808502342
 0.006444045165728622
 0.006245887601547175
 0.0060500263580676
 0.005856503890968434
 0.00566553889306024
 0.005477085877764411
 0.005291687237638167
 0.005109114356545917
 0.004929478570996853
 0.004753221720928111
 0.00458067173769026
 0.004412206508750943
 0.004247944599838983
 0.004087900694467974
 0.003931462569424061
 0.00378009192019349
 0.003631831221702286
 0.003487007605146716
 0.003345460396755377
 0.003206982737594508
 0.003071280539760625
 0.002939147951058514
 0.002811333895227532
 0.002687983496006628
 0.002571115407952138
 0.002458832377823775
 0.002352828862085788
 0.002252093681096987
 0.002156912167487596
 0.002065982250606186
 0.001979138590033078
 0.001896175481447545
 0.001816370283608258
 0.001739899092807007
 0.001666651024865953
 0.001596609605134789
 0.001529505788224131
 0.001465094979845201
 0.001403671223242176
 0.001345540140121645
 0.001291109912603391
 0.001240687476298162
 0.00119415524184731
 0.001152142339523091
 0.001114531706133748
 0.001080832916144096
 0.001050565898718074
 0.001023271817492901
 0.0009984882538943143
 0.0009758586960974634
 0.0009552931129905163
 0.0009366686484346396
 0.0009200376220362936
 0.000905245310899805
 0.0008921598961119046
 0.0008809591378084865
 0.0008719136207219403
 0.0008647165325339314
 0.000858813941248361
 0.0008542507294445528
 0.0008517083927651473
 0.000852417253575264
 0.0008547163272504783
 0.000857832150189072
 0.000861802888353445
 0.0008671559471722812
 0.0008733907903932855
 0.0008802089467424819
 0.0008872529780571028
 0.0008944991534357493
 0.0009015301622712205
 0.0009079478674607654
 0.0009123992732237665
 0.0009155956142819009
 0.0009186642363892846
 0.0009219479320554049
 0.0009254646379740138
 0.0009288680747255621
 0.0009318299335393839
 0.0009339950606162676
 0.0009354567941048263
 0.000936131634107974
 0.0009361462959397468
 0.0009355631300116846
 0.0009345323858392172
 0.0009331847748810004
 0.0009309905316946185
 0.0009279061428596898
 0.000923354627595378
 0.000916971922032789
 0.0009086968322576742
 0.0008981277443308084
 0.0008850060147136984
 0.0008697576745565274
 0.0008528690106410638
 0.0008346645372159739
 0.0008155082085636766
 0.0007961301951339654
 0.0007769509066130034
 0.0007582977861782234
 0.0007405306328655166
 0.0007239675824184301
 0.0007082964277802422
 0.0006931715787275899
 0.0006780464588231269
 0.0006619720025399559
 0.0006440973838122914
 0.0006251338774530333
 0.0006049738442060042
 0.0005839835762842271
 0.0005622375032974901
 0.0005398816155766999
 0.0005170971474246816
 0.0004941617187657523
 0.0004712674754624305
 0.000448875977758765
 0.0004272822474942164
 0.0004064698121598707
 0.0003859551936266082
 0.0003656221126772915
 0.0003452693040290532
 0.0003252302086899314
 0.0003057901338859269
 0.0002877487429700992
 0.0002707225163616336
 0.0002544617189079856
 0.0002392258811079646
 0.0002256235487262204
 0.0002135977970713823
 0.0002029303697533041
 0.0001936563621822684
 0.0001857420045765649
 0.0001793356010298297
 0.0001744415712464438
 0.0001706019519941984
 0.0001672598594615779
 0.0001638882579769763
 0.0001598586675386685
 0.0001542120241298762
 0.0001457964157916706
 0.0001344590150931788
 0.0001202972950370369
 0.0001060142606365475
 9.307211005502714e-05
 8.241352370434948e-05
 7.619409273662182e-05
 7.245171750219128e-05
 6.89768831143142e-05
 6.47319499317701e-05
 5.930867938202495e-05
 5.226198381944694e-05
 4.366370527666888e-05
 3.38182906338921e-05
 2.335973006551946e-05
 1.30873274418971e-05
 3.800306168295409e-06
 -3.971624384132288e-06
 -9.343490124329939e-06
 -1.267405723690326e-05
 -1.434126539015453e-05
 -1.515756727735957e-05
 -1.588918404066236e-05
 -1.724309049764296e-05
 -2.008306017657015e-05
 -2.553257220600548e-05
 -3.369783324631822e-05
 -4.578210127285407e-05
 -6.140555599611281e-05
 -7.765132389125532e-05
 -9.256969986154015e-05
 -0.000105177278527915
 -0.0001150127985137763
 -0.0001211773983945134
 -0.000122690823035043
 -0.0001203449993012234
 -0.0001168673250856101
 -0.0001146263745469353
 -0.0001150770101495186
 -0.0001200893500346495
 -0.0001305492079602978
 -0.000148089760106201
 -0.000168218812839434
 -0.0001874044125849687
 -0.0002041923142347112
 -0.0002160320147229078
 -0.0002236399403474473
 -0.0002257798771333888
 -0.000223440679510149
 -0.0002181885911290764
 -0.0002131583427821707
 -0.000209476804599834
 -0.0002072152788459423
 -0.0002066322793498328
 -0.0002081346788150973
 -0.0002104702914387193
 -0.0002121477801482418
 -0.0002112560374160889
 -0.0002053005678317646
 -0.0001923403936048616
 -0.0001700013693131189
 -0.000140764344780379
 -0.0001081589766186782
 -7.440131275591156e-05
 -4.124211045431689e-05
 -2.031803928216212e-05
 -8.514985459051706e-06
 -1.73698771486956e-06
 1.822573366499679e-06
 5.267472389428836e-06
 1.377869172430641e-05
 2.925425367520649e-05
 5.51597492739956e-05
 8.912799208580603e-05
 0.000127826531358308
 0.0001743391702827559
 0.0002239056356433301
 0.0002722308205458413
 0.0003154479954261467
 0.0003493874550046589
 0.0003764700737332534
 0.0003968512309831371
 0.0004138503327766799
 0.0004312749022911148
 0.0004528300553993165
 0.0004800303838623526
 0.0005147877486823559
 0.0005577783486485424
 0.0006084990164535326
 0.0006627085238174791
 0.0007161279310146165
 0.0007630464922471032
 0.0007999956914516965
 0.0008248699582497481
 0.000839247742100137
 0.0008449333965774512
 0.0008485322609210991
 0.0008549472554127887
 0.0008692350461381206
 0.0008921116836791667
 0.0009305940998330338
 0.0009865010506109214
 0.001050794580911865
 0.001117284846736288
 0.001180672153728834
 0.001236978568084379
 0.001280505364018877
 0.001298907333099688
 0.001298151372002022
 0.001289922848189947
 0.001279762532643825
 0.001272100579515881
 0.001270377689240838
 0.001275242675601916
 0.001286710838443981
 0.001303170481853935
 0.001321755039432328
 0.001339180186761865
 0.001351521549727717
 0.001352280108001682
 0.001337344941476555
 0.001309311120061209
 0.001269890772021734
 0.001223951251762904
 0.001177017369231583
 0.001133241433884999
 0.001095635319071437
 0.001068630312768102
 0.001048267187462105
 0.001034536236020414
 0.001025170088115859
 0.001015364685237577
 0.0009971212067262849
 0.0009636067938510481
 0.0009177264399962259
 0.0008629865091387129
 0.0008017091997409559
 0.0007371481196454048
 0.000673623674160372
 0.0006130426700568603
 0.0005569670740961751
 0.0005064823727632117
 0.0004603953124647538
 0.0004166147281378397
 0.0003732128125755173
 0.0003285643942576703
 0.0002820156107514695
 0.0002332573104567608
 0.0001831530321791627
 0.0001326725242656318
 8.428078175185116e-05
 4.278103420538264e-05
 1.081904103146839e-05
 -9.353536414533192e-06
 -2.220143543787173e-05
 -3.306612567741976e-05
 -4.3299366334548e-05
 -5.332216882272356e-05
 -6.330418380681322e-05
 -7.281833395254585e-05
 -8.143353663113304e-05
 -8.829906628441313e-05
 -9.281664533843535e-05
 -9.364391581321397e-05
 -9.029234363445694e-05
 -8.318039140109511e-05
 -7.353628610021247e-05
 -6.215093926493283e-05
 -5.052000127809245e-05
 -4.022794907928111e-05
 -3.212705821069955e-05
 -2.820382251645635e-05
 -2.456827022824313e-05
 -1.896185288052204e-05
 -1.271559731078141e-05
 -8.320436227343536e-06
 -7.585996160246745e-06
 -1.141120353084421e-05
 -1.980417663558549e-05
 -3.083698672669598e-05
 -3.984613086779976e-05
 -4.38492152931592e-05
 -4.149913354296707e-05
 -2.842579385117214e-05
 -9.217572920425149e-07
 4.173015920664681e-05
 9.075509591954646e-05
 0.0001390262990764308
 0.0001780481782441917
 0.0001991108654860147
 0.0002013139145688325
 0.0001893096906792058
 0.0001682133465378056
 0.0001423803961566734
 0.0001183376023639123
 0.0001031289762707076
 0.0001013305611176726
 0.000119097636489804
 0.0001568134360346255
 0.0002223289606920838
 0.0003076799736355617
 0.0003929025243036973
 0.0004649755581351158
 0.0005149864469494564
 0.0005332308028890972
 0.0005198994772555847
 0.0004827880417876587
 0.0004328655281099845
 0.0003833352992818405
 0.0003402998377747118
 0.000321100397496877
 0.0003280831638024712
 0.0003558184258399253
 0.0004001376037074891
 0.0004620203737359954
 0.0005321483897731382
 0.0005982692789889746
 0.0006510845986061784
 0.0006836123706482493
 0.000694347189778351
 0.0006855343329618692
 0.0006605357665779743
 0.0006245133882495747
 0.0005816745711409592
 0.0005378526301379115
 0.0004983772412021927
 0.0004679605572754204
 0.0004500018881313713
 0.0004459537055538811
 0.0004559399981041401
 0.0004771059017819862
 0.000509409464537295
 0.0005505009904204672
 0.0005917178171510797
 0.0006228882139427531
 0.0006439241420570075
 0.0006442457699694272
 0.0006209356782862542
 0.0005716188805862927
 0.0005035954980383019
 0.0004256353982159494
 0.0003489920031561153
 0.0002822942579030333
 0.0002299663356957444
 0.0001715447705499677
 0.0001148216288188067
 7.189391453893308e-05
 5.47624633887735e-05
 6.491495818340363e-05
 9.14081955450588e-05
 0.000123478505457364
 0.0001497716731531525
 0.0001640270420722849
 0.0001633795619583516
 0.0001448717366882372
 0.0001093841643141064
 5.660572859516987e-05
 -7.154104587927977e-06
 -7.903717992304364e-05
 -0.0001534025822033143
 -0.000223910130474765
 -0.0002871923464422423
 -0.0003373869818144224
 -0.0003622299544404853
 -0.0003505661148893378
 -0.0003004908862393933
 -0.0002296147671812645
 -0.0001522068737533885
 -7.953510589929365e-05
 -2.16665161211014e-05
 1.838677380200311e-05
 3.695213817171719e-05
 3.134517824896249e-05
 1.293621830717823e-05
 -8.915204159976121e-06
 -2.074298912492053e-05
 -9.970489881683068e-06
 2.575470689134473e-05
 8.809199681693144e-05
 0.0001710712633237838
 0.0002589767717091775
 0.0003354292508146989
 0.0003868275829058531
 0.0004073504528835397
 0.0004073114503451631
 0.0003976132554703096
 0.0003832542525264167
 0.0003650678354564296
 0.0003457805946181513
 0.0003274741232144529
 0.0003137326567517047
 0.0003111845024565744
 0.0003276438831879735
 0.0003581528116727747
 0.0003969542227089887
 0.0004365024999892815
 0.0004701587394096899
 0.0004933946297722496
 0.000501475480799128
 0.0004972408877880308
 0.0004855651042733329
 0.0004706977081515098
 0.0004568536960516598
 0.0004490518841082658
 0.0004518965886414784
 0.0004649430457187631
 0.000487581649181201
 0.0005162691083440643
 0.0005416851950439706
 0.0005587963946030372
 0.0005637710282586759
 0.0005530282888923953
 0.0005280430806200537
 0.0004940410331993246
 0.0004523638349326271
 0.0004078670054060661
 0.0003615587518597294
 0.0003115333773359665
 0.0002558262056447897
 0.0001966060164207413
 0.000139745595509205
 9.116530066187307e-05
 5.347157664001036e-05
 3.552709809116462e-05
 5.605790732589547e-05
 0.0001292292832063768
 0.0002172571401155586
 0.0002890313716695382
 0.0003062571429091569
 0.0002768336262092448
 0.0002323023656709592
 0.0001894056474295523
 0.0001449772810041856
 8.950657427441428e-05
 1.730425421210431e-05
 -6.551582107953486e-05
 -0.0001309573947369039
 -0.0001685953555986816
 -0.0001842179624966531
 -0.0001919459975425507
 -0.0001957735117577972
 -0.0001746295172025185
 -9.955729588521291e-05
 7.253752309960747e-05
 0.0002172881205625669
 0.0003233936527537686
 0.0003833750560155583
 0.0003841163180111063
 0.0003393847358695607
 0.0002672395513572623
 0.0002014207698774068
 0.0001380685597680561
 7.511038840589462e-05
 2.798698998161048e-05
 4.892549543183422e-06
 5.655177404167214e-07
 3.103722497139586e-08
 8.466010856753435e-10
 1.115086284697291e-11
 7.007110719498827e-14
 2.035654754937942e-16
 2.520353012733372e-19
 1.037222756907527e-22
 0
 0
 0
 0
 0
 0
 0
 0
 0
 0
 0
 0
 0
 0
 0
 0
 0
 0
 0
 0
 0
 0
 0
 0
 0
 0
 0
 0
 0
 0
 0
 0
 0
 0
 0
 0
 0
 0
 0
 0
 0
 0
 0
 0
 0
 0
 0
 0
 0
 0
 0
 0
 0
 0
 0
 0
 0
 0
 0
 0
 0
 0
 0
 0
 0
 0
 0
 0
 0
 0
 0
 0
 0
 0
 0
 0
 0
 0
 0
 0
 0
 0
 0
 0
 0
 0
 0
 0
 0
 0
 0
 0
 0
 0
 0
 0
