# Created by Octave 3.2.4, Fri Feb 19 16:31:33 2016 EST <k3thomps@k3thomps-HP-2000-Notebook-PC>
# name: second_f
# type: matrix
# rows: 2001
# columns: 1
 -0.9895890319544588
 -0.9895789647324014
 -0.9895580297278558
 -0.9895242867182793
 -0.9894756222539276
 -0.98941040035239
 -0.9893285015701664
 -0.9892315992639376
 -0.9891231049978758
 -0.9890075176675394
 -0.9888894128707598
 -0.9887732187068384
 -0.9886620421198888
 -0.9885587115184359
 -0.9884646082408712
 -0.9883808443384018
 -0.9883075828253735
 -0.9882452932701331
 -0.9881938786665153
 -0.9881535768191645
 -0.9881242575925213
 -0.9881060269909854
 -0.9880984501928296
 -0.988101455054187
 -0.9881143963454546
 -0.9881369548233973
 -0.9881681080362361
 -0.9882070074236451
 -0.9882520048505764
 -0.9883016006479344
 -0.9883537313333696
 -0.9884066129811429
 -0.988458651792575
 -0.9885090172696999
 -0.9885576167417763
 -0.9886045235453248
 -0.9886501089023877
 -0.9886944219361987
 -0.9887379340814579
 -0.9887807697794141
 -0.9888235396620668
 -0.9888664213513817
 -0.9889099583032901
 -0.9889541270293979
 -0.9889991328769572
 -0.9890445340550139
 -0.9890902788159112
 -0.9891355869025513
 -0.9891805991266793
 -0.989224522807476
 -0.9892676380466702
 -0.9893095627930215
 -0.9893506529801565
 -0.9893908289621649
 -0.9894304482540384
 -0.9894694348783337
 -0.9895080781631247
 -0.9895462140078755
 -0.9895840768581555
 -0.9896214318476366
 -0.9896584812436356
 -0.9896949892375522
 -0.9897312144483961
 -0.9897668936080897
 -0.989802344645577
 -0.9898373022535166
 -0.9898720949607704
 -0.989906555221006
 -0.9899410192614618
 -0.989975355532957
 -0.9900098348759624
 -0.9900442504770177
 -0.9900790254060136
 -0.9901139167305542
 -0.9901494081273187
 -0.9901852713536798
 -0.9902217504181999
 -0.9902586689752064
 -0.9902958436458991
 -0.9903329976400909
 -0.9903699019807327
 -0.9904068178999332
 -0.9904440041180853
 -0.9904819545170505
 -0.9905208055091852
 -0.9905606937228647
 -0.9906016591550644
 -0.9906438882309383
 -0.9906876506875631
 -0.9907327658262719
 -0.9907788612299172
 -0.9908251026098471
 -0.9908708627904597
 -0.9909158079714654
 -0.9909600820288604
 -0.9910042907815839
 -0.9910487818809391
 -0.9910940529851225
 -0.9911400613683291
 -0.9911870901225039
 -0.9912350059068628
 -0.9912841180390899
 -0.9913342583365511
 -0.9913856788084389
 -0.9914379433742184
 -0.9914912492579087
 -0.9915449525996767
 -0.991599464739626
 -0.9916543072158575
 -0.9917100930275323
 -0.991766774635361
 -0.9918249667609516
 -0.9918847212230218
 -0.9919464163228964
 -0.9920098661580495
 -0.9920751506278963
 -0.9921417605592078
 -0.9922096275830873
 -0.9922780100071356
 -0.9923469793101171
 -0.9924158515873321
 -0.9924849274612435
 -0.9925538389992201
 -0.9926230047549562
 -0.9926922796896218
 -0.9927620293329209
 -0.992832096365135
 -0.9929027420649608
 -0.9929737667314367
 -0.9930454504759101
 -0.9931176180122031
 -0.9931905919942503
 -0.9932641594686504
 -0.9933385593213732
 -0.9934134260703084
 -0.9934888472819814
 -0.993564336039055
 -0.9936399015132764
 -0.9937150409643609
 -0.9937898088478984
 -0.993863773998468
 -0.9939371523939631
 -0.9940095948432537
 -0.9940815019939295
 -0.9941526142248572
 -0.9942233659273025
 -0.9942935788061653
 -0.9943636160698827
 -0.9944333082851399
 -0.9945029520072202
 -0.9945723432331522
 -0.9946417555878839
 -0.9947109271712432
 -0.9947801374572871
 -0.9948490707147185
 -0.994918002668557
 -0.9949866481669968
 -0.995055259024023
 -0.9951235864065725
 -0.9951918392512741
 -0.9952597655626318
 -0.9953275320128535
 -0.995394944982342
 -0.9954622184056483
 -0.9955292332391854
 -0.9955962489613717
 -0.9956631207355635
 -0.9957300468225059
 -0.9957967872311035
 -0.995863485295398
 -0.9959298809235182
 -0.995996152158326
 -0.9960620575532632
 -0.9961278223894091
 -0.9961931523077829
 -0.996258181571837
 -0.9963225447056036
 -0.9963861515200819
 -0.9964488472664585
 -0.9965105219167968
 -0.9965713884372206
 -0.9966314321816205
 -0.9966910058792406
 -0.9967501545625201
 -0.9968092768369452
 -0.9968683904827254
 -0.9969278163914346
 -0.9969874155914552
 -0.9970473245669577
 -0.9971072276236322
 -0.997167125887807
 -0.9972266594858012
 -0.9972857851133734
 -0.9973442908140785
 -0.9974021861503204
 -0.9974596165115254
 -0.9975166846577274
 -0.9975736726497293
 -0.9976304858362113
 -0.9976873209485287
 -0.9977439684847373
 -0.9978005771700181
 -0.9978568976261174
 -0.9979130581120089
 -0.9979687994692316
 -0.9980242583581578
 -0.998079198901481
 -0.9981338192266225
 -0.998187935447577
 -0.9982418259347738
 -0.9982953600234635
 -0.9983488556546316
 -0.9984021973249425
 -0.9984556702868067
 -0.9985091301847656
 -0.9985627790032854
 -0.9986163958319003
 -0.9986701117663349
 -0.998723630158548
 -0.9987770483542231
 -0.9988300712285764
 -0.9988828246961037
 -0.9989350726808949
 -0.9989870005070366
 -0.9990384563039757
 -0.9990896253848208
 -0.9991404480344293
 -0.9991910400705873
 -0.9992414618089925
 -0.999291696846511
 -0.9993418803828803
 -0.9993917990824641
 -0.9994415704778311
 -0.9994909138433544
 -0.9995399549373084
 -0.999588420473787
 -0.9996364936283602
 -0.9996840120683124
 -0.9997311374012757
 -0.9997779111986564
 -0.9998243920704345
 -0.9998708123286546
 -0.9999170548315236
 -0.9999634201012751
 -1.000009653472529
 -1.000055917550948
 -1.000101865777039
 -1.000147591501716
 -1.000192731051359
 -1.000237437307538
 -1.000281461552107
 -1.00032502184314
 -1.000368020403841
 -1.000410700291195
 -1.000453052060272
 -1.000495201409457
 -1.000537220988672
 -1.00057902069219
 -1.000620737554157
 -1.000662193320401
 -1.000703500504373
 -1.000744537694118
 -1.000785287911541
 -1.000825818401758
 -1.000865861804654
 -1.000905689300985
 -1.00094492073137
 -1.000983850323724
 -1.001022162490373
 -1.001060126620128
 -1.001097493862881
 -1.001134523113294
 -1.00117101366297
 -1.001207225731866
 -1.001242972536586
 -1.001278540757782
 -1.001313716821607
 -1.001348827380229
 -1.001383607403415
 -1.001418260521696
 -1.001452742384698
 -1.001486946600477
 -1.001521093840207
 -1.001554851479633
 -1.001588432737286
 -1.001621490211319
 -1.001654131373493
 -1.001686137158131
 -1.001717591545619
 -1.001748514913816
 -1.001778867815913
 -1.001808754612339
 -1.001838074772187
 -1.00186704837216
 -1.001895602178434
 -1.001924030219286
 -1.001952220239533
 -1.001980444034575
 -1.002008511261314
 -1.002036655345248
 -1.002064623574866
 -1.002092618554196
 -1.002120346974743
 -1.002147983646803
 -1.002175207534401
 -1.002202174399617
 -1.002228567351785
 -1.002254555072334
 -1.002279858060535
 -1.00230467594144
 -1.002328815927688
 -1.002352504692127
 -1.00237565268496
 -1.002398500138901
 -1.002421035284695
 -1.002443328841886
 -1.002465357206645
 -1.002486906390124
 -1.002508067681908
 -1.002528616612742
 -1.002548732949344
 -1.002568250173378
 -1.00258742414956
 -1.002606248152787
 -1.002624893531915
 -1.002643418051923
 -1.002661662776506
 -1.002679705754799
 -1.002697285925942
 -1.002714571631356
 -1.002731330481492
 -1.002747783557484
 -1.002763751026373
 -1.002779471048262
 -1.002794740968455
 -1.002809779672609
 -1.002824272001706
 -1.002838286803439
 -1.002851615712316
 -1.002864143709737
 -1.002876053677745
 -1.002887136383749
 -1.002897883103446
 -1.002908025559979
 -1.002918041503207
 -1.002927660446996
 -1.00293719656724
 -1.002946362085763
 -1.002955373269932
 -1.002963964644889
 -1.002972309869008
 -1.002980226320825
 -1.002987950273638
 -1.002995377699375
 -1.003002821694199
 -1.003010161050031
 -1.003017660394876
 -1.003025182052219
 -1.003032787281033
 -1.003040319271704
 -1.003047518097871
 -1.003054233913683
 -1.003060222517833
 -1.003065741412748
 -1.003070832776777
 -1.003075902116581
 -1.003081057509211
 -1.003086449721031
 -1.003091921430078
 -1.003097171623735
 -1.003101968552955
 -1.003105850009147
 -1.003108823729291
 -1.003110517070365
 -1.003111123247925
 -1.003110423953533
 -1.003108791779447
 -1.003106201130747
 -1.003103118213414
 -1.003099448175904
 -1.003095663069256
 -1.003091473479395
 -1.003087154109026
 -1.003082318792818
 -1.00307697398914
 -1.003070849256561
 -1.003064003707526
 -1.00305642444769
 -1.003048056652162
 -1.003038822832131
 -1.003028422638341
 -1.003016909527886
 -1.003004118451589
 -1.002990398895238
 -1.002975778238341
 -1.002960761009924
 -1.002945401095015
 -1.002930155209862
 -1.002914928014134
 -1.00290000095004
 -1.002885084499497
 -1.002870312379441
 -1.002855295228438
 -1.002840102097103
 -1.002824357921309
 -1.002808146033146
 -1.002791177207721
 -1.002773629329471
 -1.002755292028949
 -1.002736503962454
 -1.00271695571406
 -1.002697113270194
 -1.002676684579576
 -1.002656059922491
 -1.002635018321102
 -1.002613769481787
 -1.002592079658192
 -1.002570166384742
 -1.002547778301462
 -1.002525185087726
 -1.002502125828461
 -1.002478968670333
 -1.002455462262547
 -1.002432033103278
 -1.00240837981669
 -1.002384840147833
 -1.002361003659644
 -1.002336984119951
 -1.002312380332526
 -1.002287146386081
 -1.00226117052736
 -1.002234341023293
 -1.002206770042138
 -1.002178356090398
 -1.00214943057414
 -1.002119972598453
 -1.002090502846462
 -1.00206087909596
 -1.002031566023448
 -1.002002142260769
 -1.001972913184109
 -1.001943372473202
 -1.001913673286267
 -1.001883437083191
 -1.001852801398695
 -1.00182151459204
 -1.001789770672
 -1.001757368442835
 -1.001724528930673
 -1.001691054963643
 -1.001657180913164
 -1.001622708418511
 -1.001587896964236
 -1.001552607253931
 -1.001517092076927
 -1.001481270325234
 -1.001445257067949
 -1.001408984204458
 -1.001372249293706
 -1.001335150338144
 -1.00129724470683
 -1.00125876284157
 -1.001219218719874
 -1.001178896820907
 -1.001137484702125
 -1.001095336461693
 -1.00105237835521
 -1.001009065165362
 -1.000965493577079
 -1.000922159931642
 -1.000879264812017
 -1.000837204393372
 -1.000796224006005
 -1.000756514220132
 -1.000718299527074
 -1.000681463977832
 -1.000646033095016
 -1.000611529596758
 -1.000577653949255
 -1.000543793452716
 -1.000509532921814
 -1.000474412681114
 -1.000438153155937
 -1.000400798648892
 -1.000362521716819
 -1.000323788744656
 -1.000285037345525
 -1.000246510837522
 -1.00020843766261
 -1.000170428227717
 -1.00013223106673
 -1.000093055499478
 -1.000052562237051
 -1.000010185218118
 -0.9999660300141049
 -0.9999200390014735
 -0.9998728084468621
 -0.9998246668033952
 -0.999776420213301
 -0.9997285238441631
 -0.9996815885090974
 -0.9996359728911743
 -0.99959197166833
 -0.9995497612728239
 -0.9995091431172977
 -0.9994699082524781
 -0.9994314527883387
 -0.9993932540434938
 -0.9993547967562758
 -0.9993155867895673
 -0.9992753822826492
 -0.9992338525246535
 -0.999191100184189
 -0.9991469931343897
 -0.9991018599939744
 -0.9990556494233553
 -0.999008734568442
 -0.9989610238864309
 -0.9989128381331509
 -0.9988640263196464
 -0.9988148662878141
 -0.998765165204928
 -0.9987152498021951
 -0.9986648648744891
 -0.9986144423832903
 -0.9985636654985698
 -0.9985129444765511
 -0.9984620045650119
 -0.998411136237055
 -0.9983601172490529
 -0.998309125328395
 -0.9982578981346139
 -0.9982065606120717
 -0.9981548517349108
 -0.9981029085160718
 -0.9980504991562305
 -0.9979977858577809
 -0.9979445593629509
 -0.9978910073023908
 -0.9978369511524381
 -0.9977826252967611
 -0.9977278999948659
 -0.9976730530247485
 -0.9976179683706318
 -0.9975628909288282
 -0.9975076596123434
 -0.9974524164267323
 -0.9973970701757361
 -0.9973416639254741
 -0.9972863860855724
 -0.9972310506649765
 -0.9971759178591701
 -0.9971207117677739
 -0.9970656815524881
 -0.9970105914165954
 -0.9969557055019109
 -0.996900786541549
 -0.9968460654898543
 -0.9967912496976132
 -0.9967364929311492
 -0.9966814609737877
 -0.9966262605423171
 -0.9965705647233518
 -0.9965144646211102
 -0.9964576515541211
 -0.9964000992809138
 -0.9963416035357656
 -0.9962821381011198
 -0.9962218416458567
 -0.9961607831827197
 -0.996099244380899
 -0.9960371008281965
 -0.9959745447410645
 -0.9959112441210302
 -0.9958472384547927
 -0.9957821251650434
 -0.9957159270879727
 -0.9956483777711904
 -0.9955797099414592
 -0.9955099194698384
 -0.995439545269178
 -0.9953689352861728
 -0.9952990068192282
 -0.995230444540621
 -0.9951644918458914
 -0.9951019561700505
 -0.9950440712954735
 -0.9949913501195955
 -0.9949446354527683
 -0.9949037961006673
 -0.9948690747072858
 -0.9948395970509962
 -0.9948149652624028
 -0.9947937990489488
 -0.9947753716042419
 -0.9947583906371892
 -0.9947424753641588
 -0.9947268007940613
 -0.9947112777753134
 -0.9946949386636249
 -0.9946771597015654
 -0.9946561854907793
 -0.9946306546493303
 -0.9945986849625413
 -0.9945594855943211
 -0.9945125053549754
 -0.9944585641728054
 -0.9943984061877988
 -0.9943337832073209
 -0.99426559428529
 -0.9941953786905913
 -0.9941237388313472
 -0.9940518038869502
 -0.9939800708196687
 -0.9939097261730145
 -0.9938415908262913
 -0.9937770630866029
 -0.9937170567207242
 -0.9936627233029782
 -0.9936145197620898
 -0.9935730490285175
 -0.9935381067545461
 -0.9935096476201166
 -0.9934868427289721
 -0.9934688510023945
 -0.9934546396851869
 -0.9934433618299582
 -0.9934344252535908
 -0.9934269292350452
 -0.993420080015514
 -0.993412712007672
 -0.9934042337224955
 -0.9933939754074805
 -0.9933820550020545
 -0.9933684392514901
 -0.9933535267928326
 -0.9933374174612546
 -0.9933203379763647
 -0.9933025864369673
 -0.9932843774724596
 -0.9932659803841183
 -0.9932471774533361
 -0.9932281334054479
 -0.9932086997957082
 -0.9931893343708091
 -0.9931702909751873
 -0.993152393586066
 -0.9931361168021153
 -0.9931223405331417
 -0.9931114299816195
 -0.9931041749149075
 -0.9931008512881019
 -0.9931017169686871
 -0.9931067142846068
 -0.9931151090616831
 -0.9931264656508438
 -0.9931394440304234
 -0.9931534510608016
 -0.9931673521763766
 -0.9931808979181778
 -0.9931937295013963
 -0.9932062534076155
 -0.9932186007849171
 -0.9932311031043574
 -0.9932433532757095
 -0.9932548679267875
 -0.9932645571268823
 -0.9932718771084793
 -0.9932763435391255
 -0.9932785192225537
 -0.9932791250342868
 -0.9932795151014459
 -0.9932805232692771
 -0.9932829562187216
 -0.9932867899546105
 -0.9932919766741289
 -0.99329846511565
 -0.9933062862868212
 -0.9933158904827567
 -0.9933275081310891
 -0.9933418100336034
 -0.9933590595562271
 -0.9933798159468654
 -0.9934040741524298
 -0.9934319901418418
 -0.9934631204359047
 -0.9934972430485332
 -0.9935336531570318
 -0.9935720431744638
 -0.9936117510699508
 -0.9936526449273638
 -0.9936942275612621
 -0.9937364982701052
 -0.9937790636753466
 -0.9938218965084716
 -0.9938649058335782
 -0.9939081517897485
 -0.9939519103855363
 -0.9939960068163802
 -0.9940406505535609
 -0.9940854910405538
 -0.9941307020228239
 -0.994175972835331
 -0.9942214682279881
 -0.9942669140255421
 -0.9943125055268571
 -0.9943581474873086
 -0.9944042824905215
 -0.9944511295921019
 -0.9944993683769837
 -0.9945492581025801
 -0.994601259140195
 -0.9946551488038166
 -0.994710852280146
 -0.994767642799529
 -0.9948252991081854
 -0.9948830211606108
 -0.9949406058460445
 -0.9949974170659804
 -0.9950534553393553
 -0.9951084617254848
 -0.9951627972010355
 -0.9952166555365671
 -0.9952707460120239
 -0.9953256983281646
 -0.9953824096943467
 -0.9954419240223051
 -0.9955051663313284
 -0.9955731003782113
 -0.9956458958047246
 -0.9957236124113579
 -0.9958053811529805
 -0.9958904343008123
 -0.9959774029161756
 -0.9960654231946475
 -0.9961534447408623
 -0.9962413872152771
 -0.996328993037819
 -0.9964173337915654
 -0.9965068211673854
 -0.9965991032124084
 -0.9966949330112649
 -0.9967956089020957
 -0.9969014728240482
 -0.9970127119916459
 -0.9971283725625882
 -0.9972470905887875
 -0.9973665198122227
 -0.9974844520447761
 -0.9975985099120062
 -0.9977074970804837
 -0.997810873052265
 -0.9979097794400803
 -0.9980058410922141
 -0.9981017114744185
 -0.9981995228381542
 -0.9983013981831897
 -0.9984082849617586
 -0.9985207297600089
 -0.9986382145556201
 -0.9987600803513871
 -0.9988850304629711
 -0.9990120779367888
 -0.9991400196724559
 -0.9992683462489246
 -0.9993965468271978
 -0.9995249257654122
 -0.9996536971728932
 -0.9997836952395501
 -0.999915402241039
 -1.000049646367771
 -1.00018670073611
 -1.000327014914629
 -1.000470448357514
 -1.000616965271219
 -1.000766039717331
 -1.000917257403466
 -1.001069942773499
 -1.001223345953557
 -1.001376770615695
 -1.001529333921156
 -1.001680648071069
 -1.001830201797233
 -1.00197812671897
 -1.002124501443754
 -1.002269808291838
 -1.002414423646101
 -1.002558555225198
 -1.002702355641003
 -1.00284570192882
 -1.002988726659918
 -1.003131157618228
 -1.003273075575788
 -1.003414072380949
 -1.003554124152197
 -1.003692707275583
 -1.003829716938993
 -1.003964606054257
 -1.004097340979598
 -1.004227558823056
 -1.004355501959665
 -1.00448121531852
 -1.004605296793064
 -1.00472822213368
 -1.004850474217679
 -1.004972127148169
 -1.005092818442975
 -1.005212214441127
 -1.005329763561714
 -1.005445308318628
 -1.005558444144522
 -1.005669201507882
 -1.005777299474756
 -1.00588288096117
 -1.00598569058166
 -1.006085862882984
 -1.006183073407691
 -1.006277383506363
 -1.006368372645357
 -1.006456032401729
 -1.006540000883838
 -1.006620398787857
 -1.006697221331696
 -1.006770411297802
 -1.006839520541588
 -1.006903806359587
 -1.006962897435244
 -1.007016381959145
 -1.007064394795673
 -1.007106747237424
 -1.007143647856763
 -1.007174777975956
 -1.007200055522776
 -1.007218755015909
 -1.007230306793146
 -1.007233569896427
 -1.00722773460473
 -1.007211714119339
 -1.007185047949002
 -1.007147198274345
 -1.007098306881423
 -1.007038301872466
 -1.006967623105638
 -1.006886205976185
 -1.006794302020529
 -1.006691479088213
 -1.006577546000724
 -1.006451695410701
 -1.006313459790583
 -1.006161918547212
 -1.00599661046755
 -1.005816676898765
 -1.00562163543496
 -1.005410531614444
 -1.005182619751534
 -1.004936711116352
 -1.004671819898474
 -1.004386673358464
 -1.004080345714335
 -1.003751693411124
 -1.003399979788717
 -1.003024209390615
 -1.002623939806051
 -1.002198544273524
 -1.001748110379852
 -1.001272492738465
 -1.000772118228871
 -1.000246801106402
 -0.9996965543328453
 -0.9991204698227317
 -0.9985177655786154
 -0.9978869195658436
 -0.9972269380708947
 -0.9965365466246954
 -0.9958152389294658
 -0.9950620590316471
 -0.9942764234748929
 -0.9934567021758871
 -0.9926018672046178
 -0.9917101833212519
 -0.9907807742165402
 -0.9898121055959055
 -0.9888035853177463
 -0.9877544373985075
 -0.9866646287457849
 -0.9855335652108073
 -0.9843606635730616
 -0.9831443057469469
 -0.9818828945946089
 -0.980574232694822
 -0.9792167460948901
 -0.9778087933903721
 -0.9763496124927032
 -0.9748383165160908
 -0.9732744291769306
 -0.9716567081572245
 -0.9699830961438826
 -0.9682505183937862
 -0.966455396308274
 -0.9645946135297565
 -0.9626650900824134
 -0.9606646346190403
 -0.9585910714647841
 -0.9564430497589713
 -0.9542191609552949
 -0.9519180416053784
 -0.9495384096165456
 -0.947078327703803
 -0.9445359440214913
 -0.9419085748674976
 -0.939193823845992
 -0.9363890832861327
 -0.9334920464542068
 -0.9305006093636133
 -0.9274125822215333
 -0.924226488334715
 -0.9209405467109013
 -0.9175534008341218
 -0.9140629577922613
 -0.910467223002531
 -0.9067633111389249
 -0.902948368302826
 -0.8990187726313865
 -0.8949709922377989
 -0.8908012587015395
 -0.8865059104133612
 -0.8820819125078719
 -0.8775262539681596
 -0.8728365711098272
 -0.8680100628446138
 -0.863044187577762
 -0.8579357315180206
 -0.8526815342472195
 -0.8472780131287299
 -0.8417216354265687
 -0.8360087427852502
 -0.8301358545045504
 -0.8240992967066222
 -0.8178959107554025
 -0.8115222658154873
 -0.8049755482213161
 -0.7982526476277759
 -0.7913509125072022
 -0.7842672414783154
 -0.7769988640606864
 -0.7695423603545978
 -0.7618947552571733
 -0.7540523645711523
 -0.7460123913862916
 -0.7377713747192501
 -0.729326933519205
 -0.7206761564479739
 -0.7118168974440215
 -0.7027466100207345
 -0.6934629979528827
 -0.683963756842901
 -0.6742467489196128
 -0.6643104893255705
 -0.6541533609341034
 -0.6437742586507336
 -0.6331717866760297
 -0.622345199916457
 -0.6112936730800502
 -0.6000172405707951
 -0.5885160023720569
 -0.576790955151529
 -0.5648430647066013
 -0.5526739569984626
 -0.5402848843651291
 -0.527677323026628
 -0.5148520588002893
 -0.5018098791067533
 -0.4885517852311222
 -0.4750798723176782
 -0.4613971140751281
 -0.4475062831996088
 -0.4334102575174164
 -0.4191117863214744
 -0.4046145030686534
 -0.3899221672351706
 -0.3750393608201185
 -0.3599706563285093
 -0.3447216558364631
 -0.3292982024866976
 -0.3137074860640546
 -0.2979566353427863
 -0.2820541314966771
 -0.2660102151290808
 -0.2498349151651389
 -0.2335400720772174
 -0.2171358597878416
 -0.2006318828481456
 -0.1840356972544498
 -0.1673509272192573
 -0.1505830862464922
 -0.1337394101718512
 -0.1168279104083272
 -0.09985754205804973
 -0.08283835500947753
 -0.06578087958231636
 -0.04869626174408348
 -0.03159515990602007
 -0.01448845301945977
 0.002613786210171802
 0.01970111134968284
 0.03676389718998795
 0.053791988537654
 0.07077592076677855
 0.08770578963967626
 0.1045721649053681
 0.1213654281689794
 0.1380762972964228
 0.1546958689152999
 0.1712153722976732
 0.1876267589388767
 0.2039218205104432
 0.2200929892519794
 0.2361322802205406
 0.2520323105415418
 0.2677852820363215
 0.2833841885301553
 0.2988217071912433
 0.3140916199614164
 0.3291877674289175
 0.3441053798328935
 0.358840002793156
 0.3733884649216669
 0.3877476038961625
 0.4019148999167218
 0.4158871106399409
 0.4296606848963596
 0.443230806706374
 0.4565927163979302
 0.4697418123525016
 0.4826742249730464
 0.4953868012056158
 0.5078771172500631
 0.520144348786327
 0.5321895458044474
 0.5440164407940402
 0.5556310722523035
 0.5670412073951839
 0.578255281375985
 0.5892825552481921
 0.6001338720071302
 0.6108194047248385
 0.6213547847286122
 0.6317498202434559
 0.6420035031599244
 0.6520960155460098
 0.6620155351279708
 0.6717615786522277
 0.6813473692759148
 0.690793013479298
 0.7000751184983137
 0.7091912892578983
 0.7181557416751427
 0.7269347152215957
 0.7354936478514811
 0.7437705251031624
 0.7517608266956863
 0.7594891624834796
 0.7669692656260049
 0.7742040844316015
 0.7811913256238363
 0.7879324898598266
 0.7944274121475333
 0.8006794240137269
 0.8066961565622677
 0.8124907437030321
 0.8180812131247414
 0.8234894407509067
 0.8287384859525223
 0.8338511554742571
 0.8388462070069869
 0.8437391244155587
 0.8485400223501552
 0.8532562238157668
 0.8578917328841895
 0.8624499203572628
 0.8669323754013319
 0.8713401241992063
 0.8756733454481841
 0.8799315808319117
 0.884114310256775
 0.8882201571397264
 0.8922479464412141
 0.8961951530533897
 0.9000587916126147
 0.9038344825584315
 0.9075178560885386
 0.9111045350902328
 0.9145917424818926
 0.9179779720187337
 0.9212639338758618
 0.9244514846566104
 0.9275440007255381
 0.9305449393110549
 0.933458356881954
 0.9362875258494584
 0.9390358020148771
 0.9417055001817681
 0.9442989605367353
 0.9468176315564775
 0.9492632403020214
 0.951637052182141
 0.9539407893882142
 0.9561754193010674
 0.9583418690387784
 0.9604402670446252
 0.9624706794388506
 0.9644327222058706
 0.9663259204131773
 0.9681494304185277
 0.9699028176554181
 0.9715861682586228
 0.9732009279967675
 0.9747490769662411
 0.9762334511935544
 0.9776569712244764
 0.9790238479297407
 0.9803386112312408
 0.9816064311626638
 0.9828318222070905
 0.9840195835868643
 0.9851733584825038
 0.986295864157557
 0.987388614661481
 0.9884525437247419
 0.9894869472702421
 0.9904907406198247
 0.9914613724409733
 0.992395684770956
 0.993288783374574
 0.9941376745055187
 0.994939553804652
 0.9956901805920951
 0.9963875437592035
 0.9970350219855544
 0.9976373491371199
 0.9981981738612136
 0.9987200215722989
 0.9992055689893444
 0.9996584286251445
 1.000081354390905
 1.000475767314198
 1.000843674522759
 1.00118944622918
 1.001521054264554
 1.001847363442408
 1.002176691164194
 1.002514152599685
 1.002860990311607
 1.003214553446996
 1.003570085755193
 1.00392218118907
 1.004266350513436
 1.004600299560698
 1.004922613947023
 1.005232928537069
 1.005529379878122
 1.00580954363029
 1.006069086053626
 1.006303449497693
 1.00650772449583
 1.006678487478221
 1.006813793517217
 1.006914205276611
 1.006982323241631
 1.007022676939884
 1.007040207914966
 1.007039448455893
 1.007024261269396
 1.006997576767169
 1.006961935422718
 1.006918818791381
 1.006869433907891
 1.006814082288472
 1.006753015880331
 1.006685905212592
 1.006612731405694
 1.006533246607733
 1.006447941983212
 1.00635724513891
 1.006262341066143
 1.006164132640334
 1.006063950018686
 1.005962471900582
 1.005860488972203
 1.005758002116763
 1.005655152925367
 1.005551358820817
 1.005446465998675
 1.005339676321928
 1.005230965007327
 1.005119549395265
 1.005005610242731
 1.004888453316354
 1.004768168600512
 1.004644159415088
 1.004516372571281
 1.004384344136504
 1.004248132040987
 1.004107620888367
 1.003963036069394
 1.003814390159162
 1.003661849900718
 1.003505833406586
 1.003347139534382
 1.003186784218487
 1.003025805826643
 1.002864852879138
 1.002704588153397
 1.002545138908312
 1.002386733087145
 1.00222892840852
 1.002071422167953
 1.001913353696562
 1.001754160542523
 1.001592948939881
 1.001429391057864
 1.001263022117607
 1.001094166549398
 1.000923119243394
 1.000750951419736
 1.000578597561428
 1.000407531203682
 1.000238771530998
 1.000073535821679
 0.9999122792880857
 0.9997554255461057
 0.9996025316863206
 0.9994531958782943
 0.9993063468836753
 0.9991612880837558
 0.9990170277968238
 0.9988733361518017
 0.9987299334889662
 0.9985875094301173
 0.998446667098665
 0.9983087805359677
 0.9981748480497741
 0.9980461674764585
 0.9979232118231672
 0.9978062754801298
 0.9976945070019297
 0.9975865679237589
 0.997480423751095
 0.997373453381073
 0.9972632534786124
 0.9971475389293848
 0.9970255490743642
 0.9968974993892378
 0.9967653573137369
 0.9966314716704934
 0.9964988647756889
 0.9963697433084941
 0.9962459969471645
 0.9961281799659262
 0.9960164812118011
 0.9959100151772817
 0.9958079250871723
 0.9957087659244329
 0.9956115225795908
 0.9955151733185416
 0.9954193699737296
 0.9953242352290448
 0.9952301140162046
 0.9951380147510994
 0.9950485209148858
 0.9949628563792312
 0.99488136872897
 0.9948048933134561
 0.9947332585366697
 0.9946665518490041
 0.9946039656943839
 0.9945449146443281
 0.9944881741461983
 0.99443298842628
 0.9943782931989958
 0.9943236613063172
 0.9942685827471969
 0.9942128789298675
 0.9941566207251132
 0.9940998512819788
 0.9940431357846001
 0.9939867241773396
 0.9939313160965197
 0.9938771212251758
 0.9938245249582336
 0.9937733696730484
 0.9937236232168276
 0.9936749148394989
 0.9936271574297468
 0.9935801162681166
 0.993533848037869
 0.9934883111403086
 0.9934436990177161
 0.9934000090383287
 0.9933573399152567
 0.9933154903700747
 0.9932743226801865
 0.9932336311960088
 0.9931933728522468
 0.9931536473121725
 0.9931146625159367
 0.993076595867322
 0.993039767112615
 0.9930041560672378
 0.9929701394998783
 0.9929375736702245
 0.9929066274220169
 0.9928769916968722
 0.9928487608939447
 0.9928215878325074
 0.9927956326153979
 0.9927706110457708
 0.9927467145604837
 0.9927236540131372
 0.9927015213719647
 0.992679943249469
 0.9926590132688379
 0.9926383931620909
 0.9926185817415974
 0.9925995008425195
 0.9925820336980715
 0.9925663360885888
 0.9925532254273797
 0.99254281483588
 0.9925353376652118
 0.99253023628504
 0.9925268596429908
 0.9925241555575927
 0.9925212888578293
 0.9925178576441398
 0.9925136054766589
 0.9925088758226225
 0.9925039274335397
 0.9924996048824026
 0.9924964954284845
 0.9924955276679611
 0.9924971032707114
 0.9925017089702202
 0.9925091228112384
 0.9925190919784443
 0.9925310331260938
 0.9925446239781005
 0.9925598448309699
 0.9925765823506676
 0.9925948882125915
 0.9926143492018505
 0.9926348368683811
 0.9926558000155835
 0.9926771248353323
 0.9926983891703682
 0.9927198513521014
 0.9927412388677782
 0.9927628155416217
 0.9927842605819307
 0.9928058180144693
 0.9928273194134916
 0.9928489855810265
 0.992870582121438
 0.9928922518169567
 0.9929136795691521
 0.9929350020247509
 0.9929559238100772
 0.9929766933828109
 0.9929974232680275
 0.9930183801182989
 0.9930401259996752
 0.9930626730504547
 0.9930864326292385
 0.9931111524388543
 0.9931369320916682
 0.9931633665209959
 0.9931904788491774
 0.9932179392019211
 0.9932459346540254
 0.9932743010675945
 0.9933033899274956
 0.993333196125221
 0.9933641893589423
 0.9933964724246825
 0.9934304902098116
 0.9934661738925382
 0.9935035379991757
 0.9935420438059385
 0.9935812516929221
 0.9936207353363916
 0.9936602000911432
 0.9936995701128677
 0.9937384755102058
 0.9937770255513905
 0.9938150445905207
 0.9938529393558767
 0.9938907861930751
 0.9939290524520562
 0.9939677827006175
 0.9940071616567476
 0.9940473208035447
 0.9940884879184251
 0.9941310283259731
 0.9941748601682671
 0.994220028418501
 0.9942660969846215
 0.9943129889594446
 0.99436028847286
 0.9944079316071127
 0.9944557648301497
 0.9945039690782754
 0.9945529602767172
 0.9946030175228259
 0.9946545215981629
 0.9947073489243838
 0.9947616249133229
 0.994817054095008
 0.9948737060314041
 0.9949312531308758
 0.994989694480832
 0.9950486627613051
 0.9951079983495432
 0.9951676100980789
 0.9952275227691656
 0.9952879859713381
 0.9953489215829568
 0.9954105069739063
 0.9954724811189039
 0.99553493249365
 0.9955975230215955
 0.9956601593075695
 0.9957225463919788
 0.9957845931087616
 0.9958463848208265
 0.9959078860195715
 0.9959693376308781
 0.9960306024560222
 0.9960919737916559
 0.9961533030978007
 0.9962148509532911
 0.9962764075657237
 0.9963381196001293
 0.9963996746046673
 0.9964611566661615
 0.9965222633438068
 0.9965830981092817
 0.9966436820334568
 0.9967039012993224
 0.9967640435643993
 0.9968237645398541
 0.9968833592036181
 0.9969424474205221
 0.9970011919573306
 0.9970592197560337
 0.9971166174658567
 0.9971730655153569
 0.9972287201018983
 0.9972833999282343
 0.9973374122047156
 0.9973907308394349
 0.9974437859883717
 0.9974966367470749
 0.9975496852752527
 0.9976029549166687
 0.9976566379480744
 0.9977108058296513
 0.99776546751154
 0.9978207507907912
 0.9978763940291909
 0.9979323654827632
 0.9979882616058595
 0.998044048167795
 0.9980993803531171
 0.9981543538393939
 0.9982087606729989
 0.9982628293092327
 0.9983164399592438
 0.998369896473613
 0.9984231083089354
 0.9984764076264583
 0.998529715179355
 0.9985833800717526
 0.9986373184452694
 0.9986918775717952
 0.9987469396723431
 0.9988027987609961
 0.9988592294434484
 0.9989163575099012
 0.99897380079057
 0.9990314446788965
 0.9990889317012451
 0.9991460332670772
 0.9992026879398027
 0.9992587114571171
 0.9993143688273766
 0.9993696487529695
 0.9994249562771459
 0.9994803529299535
 0.9995360443097043
 0.9995920433284304
 0.9996482578986029
 0.9997046344029843
 0.9997608105031199
 0.9998167016953107
 0.9998718866755777
 0.9999263909037291
 0.9999799119523268
 1.000032641045257
 1.000084406953397
 1.000135494312042
 1.000185810144419
 1.000235603386057
 1.000284845413238
 1.000333581974171
 1.000381849221471
 1.000429459583578
 1.000476503321857
 1.000522727033615
 1.000568256578698
 1.000612901656425
 1.000656874076023
 1.000700090411013
 1.000742850252911
 1.000785203863256
 1.000827351251496
 1.000869382495767
 1.000911264337075
 1.00095309086437
 1.000994712883462
 1.001036188897847
 1.001077385432945
 1.001118247109182
 1.001158645399458
 1.001198447645205
 1.001237648148191
 1.001276267804506
 1.001314342674458
 1.00135201605165
 1.001389240090623
 1.001426282043778
 1.001463099433237
 1.001500041022886
 1.001537000719677
 1.00157421530992
 1.001611411710164
 1.001648653588294
 1.001685524883969
 1.001722011205877
 1.001757700578705
 1.001792660825023
 1.001826675314818
 1.001859954434354
 1.001892568324526
 1.001924618638899
 1.001956215857741
 1.001987267954445
 1.002017912187616
 1.002047987389182
 1.002077637089424
 1.002106652459421
 1.002135178876264
 1.002162997966596
 1.002190338007821
 1.00221702599531
 1.002243372412061
 1.002269234248167
 1.002294908676497
 1.002320196024243
 1.002345284389716
 1.002369979532349
 1.002394403671148
 1.002418454443842
 1.002442108734422
 1.002465290453989
 1.002487806646203
 1.002509851154592
 1.002531235425997
 1.002552319628983
 1.002572844817855
 1.002593166123347
 1.002612956049739
 1.002632501108324
 1.002651519141573
 1.002670243685431
 1.002688440560113
 1.002706321062147
 1.002723608660778
 1.002740483017434
 1.00275660910114
 1.00277216622919
 1.002786836928516
 1.002800898802787
 1.0028140705018
 1.002826735488839
 1.002838722155759
 1.002850345132476
 1.002861564601048
 1.002872602417359
 1.00288335975243
 1.002894077096489
 1.002904518762022
 1.002914925310263
 1.002924963314659
 1.002934781375461
 1.002943982606453
 1.002952638929789
 1.002960400006736
 1.00296740564323
 1.002973582213467
 1.00297905781981
 1.002984095487911
 1.002988674260411
 1.002993216206167
 1.002997626426781
 1.003002232079485
 1.003006791523313
 1.003011493509383
 1.003015977335084
 1.003020376415283
 1.003024291143766
 1.003027826080494
 1.003030581036186
 1.003032675336128
 1.003033797240348
 1.00303421445858
 1.003033891941919
 1.003033262920047
 1.003032583009033
 1.003032036764558
 1.003031768766694
 1.003031579348685
 1.003031482429258
 1.003031058060658
 1.003030242985109
 1.003028582774625
 1.003026087720799
 1.00302244504158
 1.003017829177907
 1.003012114567977
 1.003005607450654
 1.002998375508982
 1.002990747246659
 1.002982805150966
 1.002974512228211
 1.002965847593586
 1.00295655770263
 1.002946798773125
 1.002936382207168
 1.002925588123133
 1.002914269509036
 1.002902689209712
 1.002890631612636
 1.002878274184096
 1.002865302765721
 1.002851898182828
 1.002837731348467
 1.002823094089162
 1.002807879082721
 1.002792360018662
 1.002776818019665
 1.002761450033253
 1.00274664313076
 1.002732401098673
 1.002718875678423
 1.00270576085739
 1.002693009030719
 1.002680126671125
 1.002667102791549
 1.002653481729714
 1.002639293858063
 1.002624274470623
 1.002608467898759
 1.00259192448389
 1.002574635344761
 1.002556785763697
 1.002538302610013
 1.002519439274402
 1.002500221915308
 1.002480971491709
 1.002461804540259
 1.002442868685787
 1.002424171103483
 1.002405541469399
 1.002386964243672
 1.002368158105144
 1.002349194229723
 1.002329874283877
 1.002310284107097
 1.002290400907963
 1.002270160443556
 1.002249519492982
 1.002228298120763
 1.002206649510824
 1.002184425489878
 1.002161868953241
 1.002138769703947
 1.002115325507084
 1.002091271970817
 1.002066781645368
 1.002041662541739
 1.002016128123693
 1.001990167046385
 1.001963916775451
 1.001937415585942
 1.00191055246199
 1.001883452902708
 1.001855988037907
 1.001828355920054
 1.001800434094338
 1.001772393502464
 1.001744035450301
 1.001715491613962
 1.001686521104635
 1.001657277326354
 1.001627509122776
 1.001597449720311
 1.001566840283026
 1.001535986743783
 1.001504533981375
 1.001472873932748
 1.001440443799962
 1.001407680992716
 1.001374076708028
 1.001339976024725
 1.001305138831421
 1.001269903199249
 1.001234190670837
 1.001198326201765
 1.001162206220338
 1.001126059008169
 1.00108970735053
 1.001053314797387
 1.001016667387956
 1.000979937516306
 1.000942892749475
 1.000905719749468
 1.000868162954847
 1.000830405525592
 1.000792190222279
 1.000753702203455
 1.0007147215165
 1.000675468229574
 1.000635770341674
 1.000595890647415
 1.000555661979313
 1.000515363273859
 1.000474793746012
 1.000434219815631
 1.000393425266453
 1.000352671998571
 1.000311744691298
 1.000270889944985
 1.000229900322832
 1.000188978696049
 1.000147914234606
 1.000106897838898
 1.000065699301812
 1.000024513065728
 0.9999831255642935
 0.999941695617155
 0.9999000887291215
 0.9998583589385658
 0.9998164818898966
 0.9997743891232617
 0.9997321577656497
 0.9996896039758538
 0.9996468822423769
 0.9996037680620663
 0.9995604617909434
 0.9995167723415448
 0.9994729490738392
 0.9994288624080029
 0.9993848014438351
 0.9993406666693174
 0.9992967393983622
 0.9992528966066515
 0.9992092836420673
 0.9991657970485504
 0.9991223829312154
 0.9990790579297746
 0.9990355660385194
 0.9989919375857788
 0.9989477975724036
 0.998903188432147
 0.9988577503560745
 0.9988116142369322
 0.9987645308343325
 0.9987167695970885
 0.9986681902081577
 0.9986191245949589
 0.998569418368909
 0.9985193377052964
 0.9984686412731001
 0.998417501497268
 0.9983656598325347
 0.9983132986829339
 0.9982602750207571
 0.9982068794698459
 0.998153077906899
 0.9980991660364307
 0.9980450051334545
 0.9979907466990486
 0.9979360448933287
 0.9978809792409766
 0.9978251859655565
 0.9977688574422531
 0.9977118096484571
 0.9976543939202327
 0.9975965790993135
 0.997538740263644
 0.9974808245756888
 0.9974231019140226
 0.9973653986839159
 0.9973079310092622
 0.9972504489772673
 0.9971932053659076
 0.9971359514376763
 0.9970789735585539
 0.9970220328491579
 0.9969654495453371
 0.9969089343266173
 0.9968529610681162
 0.9967971046568155
 0.9967419563903349
 0.9966870875386519
 0.9966329479719819
 0.9965792687317674
 0.9965263508480162
 0.9964740132166344
 0.9964225645198442
 0.9963718803873027
 0.996322299210522
 0.9962736576965801
 0.99622629059323
 0.9961798074303705
 0.9961346139551452
 0.9960900624575301
 0.9960464421306878
 0.9960031026599807
 0.9959600636219628
 0.9959167739552475
 0.9958731791094483
 0.9958288577400591
 0.9957839460369309
 0.9957381804107026
 0.9956918852290126
 0.9956447763299792
 0.9955972599529702
 0.9955488948039001
 0.9955000239224017
 0.9954501720383823
 0.9953995282788115
 0.9953477402248656
 0.9952950060678802
 0.9952411708307307
 0.9951866229871288
 0.9951314430596534
 0.995076226931088
 0.9950212025341231
 0.9949669333143274
 0.9949134824673417
 0.9948610919054999
 0.9948094653613143
 0.994758597052094
 0.9947080165119613
 0.9946577746317673
 0.994607556436763
 0.9945576836575442
 0.9945081480513628
 0.9944594878202072
 0.9944118642875418
 0.9943657756692323
 0.9943212419045947
 0.9942784832222969
 0.9942372054585451
 0.994197245454107
 0.9941581634432416
 0.9941197808724276
 0.9940821109483993
 0.9940450976777475
 0.994008844865293
 0.9939730657189096
 0.9939376318122617
 0.9939021140731086
 0.9938662202897163
 0.9938298724404218
 0.9937930076265954
 0.9937557449032004
 0.9937178188779706
 0.9936792848353785
 0.9936398162160589
 0.993599608821938
 0.9935585091732748
 0.9935168637898567
 0.9934745261885783
 0.9934316424196884
 0.9933877839624906
 0.9933428064557897
 0.9932960382886258
 0.9932474343769674
 0.9931963780491068
 0.9931429299303557
 0.9930866014950651
 0.9930274880653297
 0.9929651857799986
 0.9928997749710703
 0.9928309973790284
 0.9927590176050589
 0.9926840552520524
 0.9926067309408803
 0.9925281712142403
 0.9924495393524395
 0.9923721759981879
 0.992296632188933
 0.9922233508394962
 0.9921519327287903
 0.9920821536744969
 0.9920134002331159
 0.9919456682431355
 0.9918789310271858
 0.9918138669260911
 0.9917510292485481
 0.9916913069218983
 0.9916350656458044
 0.9915826203769273
 0.9915337180561256
 0.9914883339853405
 0.991446287545606
 0.99140737050799
 0.9913712727170703
 0.9913374850668504
 0.9913057236890519
 0.9912759515028401
 0.9912483934951524
 0.9912235444799415
 0.9912016494668301
 0.9911829208292323
 0.99116738335062
 0.991155067325332
 0.9911463654219376
 0.9911414679102166
 0.9911408048279409
 0.9911442700260995
 0.9911519280604674
 0.9911632313602051
 0.9911776772490963
 0.9911943870693178
 0.991212742599156
 0.991232280938408
 0.9912524058059995
 0.9912728822373942
 0.9912932388616591
 0.9913136852915551
 0.9913344024432323
 0.9913561264139842
 0.9913795032810115
 0.991405245055926
 0.9914335841850064
 0.991463291515214
 0.9914915175914034
 0.991513399934547
 0.9915236933954766
 0.9915174397836716
 0.9914915382690105
 0.9914448524809534
 0.9913780321781084
 0.9912936411531402
 0.9911948147080333
 0.9910852891892297
 0.9909679036895073
 0.9908454469185851
 0.9907196470689172
 0.9905927013543591
 0.9904660227772877
 0.9903419106599457
 0.9902220804212699
 0.9901090692875424
 0.9900047715858351
 0.9899116300407937
 0.989831166552219
 0.9897652084353039
 0.9897142946212487
 0.9896795102808377
 0.9896608024282429
 0.9896585977064921
 0.9896724125467435
 0.9897019620889793
 0.9897460737284168
 0.9898033379503977
 0.9898710182963804
 0.9899459745627676
 0.9900248832603552
 0.9901043433551371
 0.9901806826274927
 0.9902503577423089
 0.9903108331514937
 0.9903605119766739
 0.9903993425215698
 0.9904276200458141
 0.99044615085041
 0.9904553218858402
