# Created by Octave 3.2.4, Fri Feb 19 16:31:33 2016 EST <k3thomps@k3thomps-HP-2000-Notebook-PC>
# name: second_s
# type: matrix
# rows: 2001
# columns: 1
 0
 0
 0
 0
 0
 0
 0
 0
 0
 0
 0
 0
 0
 0
 0
 0
 0
 0
 0
 0
 0
 0
 0
 0
 0
 0
 0
 0
 0
 0
 0
 0
 0
 0
 0
 0
 0
 0
 0
 0
 0
 0
 0
 0
 0
 0
 0
 0
 0
 0
 3.647664192716615e-38
 1.151848268527744e-34
 1.42364137881403e-31
 9.256171549283275e-29
 3.56242601654447e-26
 8.615202706833543e-24
 1.352958752919901e-21
 1.404600780691741e-19
 9.719746218855667e-18
 4.488863927452952e-16
 1.376658525705399e-14
 2.767515172228264e-13
 3.573415570528912e-12
 2.931680716002939e-11
 1.5758144160575e-10
 5.661092913023166e-10
 1.373232204779777e-09
 4.11154299874282e-09
 9.377684029730635e-09
 1.431320072885416e-08
 5.124530065896609e-08
 4.51162895162992e-08
 1.694818444381583e-07
 1.792679132649462e-07
 4.125497266042152e-07
 5.63790699111515e-07
 9.698627603714793e-07
 1.402074579732421e-06
 2.171780547001266e-06
 3.119185202571428e-06
 4.544580504419669e-06
 6.326132250452511e-06
 8.790428552801604e-06
 1.18345359424372e-05
 1.580656322531525e-05
 2.06241068747529e-05
 2.659660610731952e-05
 3.360035694250732e-05
 4.189245022492297e-05
 5.12809512422704e-05
 6.200637080274979e-05
 7.388330021219265e-05
 8.718875828290093e-05
 0.000101791988686856
 0.0001179943497450254
 0.0001356474040186355
 0.0001548581052826738
 0.0001749414834763285
 0.0001949115759152795
 0.0002123570009957763
 0.000223937613405429
 0.0002247731488343205
 0.0002088710927682887
 0.0001694247205923998
 0.0001006101251654903
 3.517892642762281e-07
 -0.0001284466316061859
 -0.0002746123009342483
 -0.0004206071078760638
 -0.0005427406671661889
 -0.0006151359231312066
 -0.0006115442909250329
 -0.0005167431591817922
 -0.0003314424054218086
 -7.727792950131921e-05
 0.0002157405609028763
 0.0005099110492046888
 0.0007617271907193621
 0.0009435407567464152
 0.00103698275580808
 0.001044426482995984
 0.0009803704884630527
 0.0008612273963210061
 0.0007051817591558265
 0.0005306943061958545
 0.0003562050102387412
 0.0001989039284269787
 7.474487085986256e-05
 -4.061681593164486e-06
 -2.828223037860441e-05
 3.420464774231542e-06
 8.638051595117428e-05
 0.0002054061922892768
 0.000340685127121312
 0.0004690019315569145
 0.0005695211139157421
 0.0006268547924984209
 0.0006359305986807994
 0.0005992124808202898
 0.0005266981618414773
 0.000429849308731697
 0.0003206081458754637
 0.0002094308222099766
 0.0001048396281029033
 1.412285685773092e-05
 -5.719299163306007e-05
 -0.0001042703754915712
 -0.0001245076252872047
 -0.0001173668955008039
 -8.582288298080592e-05
 -3.571713602714562e-05
 2.448907485597427e-05
 8.578863731045505e-05
 0.0001399116405581808
 0.0001805020724214383
 0.0002040802455049979
 0.0002107646997595645
 0.0002048871393786033
 0.0001932848315412276
 0.0001841567399371044
 0.000184261769979143
 0.0001979936073576347
 0.0002251360285921305
 0.0002616584281614494
 0.0002995303613055652
 0.0003293646703325234
 0.0003416236788578938
 0.0003294729276936269
 0.0002897031690378124
 0.0002241386029541473
 0.0001386782553080078
 4.309554696341994e-05
 -5.085322162888325e-05
 -0.0001302092147985912
 -0.0001832942311517038
 -0.0002009699631390141
 -0.000179495666842449
 -0.0001215267065994834
 -3.717677767369569e-05
 5.862735817257076e-05
 0.0001486230437034401
 0.0002176695256831597
 0.0002558815350760447
 0.0002622828266472721
 0.0002443341704914245
 0.0002158950566732735
 0.0001926248651879979
 0.0001895235227830617
 0.0002186461742344898
 0.0002852158184397052
 0.0003858446659042821
 0.000508309289908596
 0.0006348407045759625
 0.000745271461553186
 0.0008211457651600823
 0.0008484926517258406
 0.0008217036771162817
 0.0007431674502325099
 0.0006233929854279519
 0.0004772472048711577
 0.0003224701580534036
 0.0001764773638346906
 5.522401723941517e-05
 -2.906832668696895e-05
 -6.838124838649073e-05
 -6.043352124296477e-05
 -8.624938880396387e-06
 7.74779231457686e-05
 0.0001843918358071061
 0.0002961833369328189
 0.0003971999293983099
 0.0004734207565273855
 0.0005137089683034949
 0.0005123645426024036
 0.0004687598950076635
 0.0003882222073631814
 0.0002796426443002459
 0.0001555003737588997
 2.979811486451381e-05
 -8.306296953348342e-05
 -0.000170146870480924
 -0.0002205097761324615
 -0.0002276331528929491
 -0.0001901012256921754
 -0.0001125205656910099
 -5.201148894995804e-06
 0.0001183867444717843
 0.0002430792461548966
 0.000354813939645386
 0.0004410735781286246
 0.0004932912390958549
 0.0005060850784797108
 0.0004794780219638522
 0.0004181702706405145
 0.0003317423271761253
 0.0002324521124542033
 0.0001339855672499405
 5.02959654783385e-05
 -5.947501960234883e-06
 -2.438662091027334e-05
 -7.758987753666474e-07
 6.391845765062099e-05
 0.0001606514622124976
 0.000275776573637557
 0.0003913509685827013
 0.0004895227919505334
 0.0005544103837482417
 0.0005759323128810646
 0.0005499879425109189
 0.0004805348933131927
 0.0003785047089019559
 0.0002611294915170853
 0.0001483213081526665
 5.922568386667817e-05
 9.27611630711356e-06
 6.08918587135554e-06
 4.944548684120214e-05
 0.0001296868601412681
 0.0002311358668811356
 0.0003345140450419452
 0.0004214594691330133
 0.0004772815110352906
 0.0004943789497844803
 0.0004715023137906541
 0.0004155862062364165
 0.0003373313356670276
 0.0002508752818271321
 0.0001703773176237404
 0.0001087135103519888
 7.42031158558923e-05
 6.994381336932032e-05
 9.254243880902667e-05
 0.000134180135205958
 0.0001838512374253443
 0.0002304719948082182
 0.0002644409362098591
 0.0002800000517510345
 0.0002754694230330511
 0.0002533674004290471
 0.0002184442973174553
 0.0001768799827220989
 0.0001341281536033653
 9.496974414844735e-05
 6.265078344444919e-05
 3.902928585240849e-05
 2.51743072587596e-05
 2.08016403588337e-05
 2.6018283045044e-05
 3.99002346959908e-05
 6.206757072258975e-05
 9.111785148411709e-05
 0.000125718748791684
 0.0001637076713098291
 0.0002032029119964342
 0.0002422158459337036
 0.0002797373630383447
 0.0003152241204081345
 0.0003491414418510784
 0.0003823149071411864
 0.0004157558913961742
 0.0004505162570944946
 0.0004868077761419646
 0.0005242489045243608
 0.0005609795908885076
 0.0005946953225952057
 0.0006223127303473176
 0.0006415616119191959
 0.0006509200621198883
 0.0006508250597473053
 0.0006429919234131968
 0.0006305879541984269
 0.0006166938153456435
 0.0006041540473832486
 0.0005941855654783971
 0.0005868486826271051
 0.0005804249297348683
 0.0005727438884072191
 0.0005610865993617363
 0.0005438672450783647
 0.0005205505294113361
 0.0004929093417421355
 0.0004642396604900309
 0.0004394436116342619
 0.0004234120846044136
 0.0004204258144665353
 0.0004333185231620749
 0.0004626248321274504
 0.0005058716140597596
 0.0005572308038268918
 0.0006091271240813794
 0.0006532004640910878
 0.0006827009102785303
 0.0006932429703410322
 0.0006845163282885891
 0.0006595520229481888
 0.0006248119789395087
 0.00058794571073065
 0.0005570820342588222
 0.0005382065884689402
 0.0005347420882129987
 0.0005461824156061292
 0.0005692647774741253
 0.0005983361862800429
 0.0006265257429028156
 0.0006472488683720771
 0.0006550934665133738
 0.0006482009376500027
 0.0006274666335084313
 0.0005980526097993037
 0.0005669206021559375
 0.0005429658928213236
 0.0005336754835934798
 0.0005450139483640918
 0.0005780597935762242
 0.0006302521932319475
 0.0006938671723747116
 0.0007592706688735657
 0.0008155566800874147
 0.0008537177732128811
 0.0008675805594240937
 0.0008554679792174913
 0.0008198533388766337
 0.0007665289997076418
 0.0007041017978814013
 0.000641523279692889
 0.0005874885740658235
 0.0005478614741250209
 0.0005253529352656103
 0.0005186153956129282
 0.000523241518410105
 0.0005324524589122805
 0.0005393300568057659
 0.0005376821623113895
 0.000524037712122855
 0.0004976548516069981
 0.0004611557070992952
 0.0004191636197374965
 0.0003778671953535843
 0.0003430162203042045
 0.0003192678357424383
 0.0003086455528301501
 0.0003105774020376108
 0.000321487915942378
 0.00033624775958341
 0.0003485347578207102
 0.0003529214307728867
 0.0003452455025725257
 0.0003242635689807135
 0.0002910447236275858
 0.0002489877040992504
 0.0002030368041171833
 0.000158996134674238
 0.000122908580230465
 9.902353859612513e-05
 8.951763418666629e-05
 9.321507692740659e-05
 0.0001065969359056889
 0.0001241085052276273
 0.0001403485704441125
 0.000150452120684106
 0.0001519897829207422
 0.0001443189655038481
 0.0001292275468950855
 0.0001093679689088095
 8.809687429402817e-05
 6.845668712189136e-05
 5.249842255551857e-05
 4.144637759397345e-05
 3.452514801776175e-05
 3.026814796944824e-05
 2.572109036770334e-05
 1.827135008371444e-05
 5.210965890136688e-06
 -1.449449072571682e-05
 -4.083429577576788e-05
 -7.15978097088533e-05
 -0.0001036754848834689
 -0.0001329244519231901
 -0.0001557956336785239
 -0.0001695865349216714
 -0.0001730423174290958
 -0.0001665402749345802
 -0.0001519327121927178
 -0.0001327408746505273
 -0.0001127541314127611
 -9.579601347409459e-05
 -8.426247196600315e-05
 -7.927593843412357e-05
 -8.034065858042325e-05
 -8.598360510758691e-05
 -9.398617749307627e-05
 -0.0001015957108206428
 -0.0001063935440963383
 -0.0001064390673689161
 -0.0001010600615810965
 -9.045365022049417e-05
 -7.562288373369979e-05
 -5.815207999850105e-05
 -3.982628922522119e-05
 -2.272034503469796e-05
 -8.226810689306987e-06
 2.539666828350099e-06
 9.634315754087766e-06
 1.346643905058064e-05
 1.534747872087117e-05
 1.654169255165177e-05
 1.866223382324764e-05
 2.287357884873052e-05
 2.997356284448018e-05
 3.990158448870198e-05
 5.211655314767473e-05
 6.52790239129614e-05
 7.806717480991905e-05
 8.912503546268418e-05
 9.784107990131605e-05
 0.0001043511089178935
 0.0001093633043049386
 0.0001143452238513342
 0.0001207015301716656
 0.0001300482090637892
 0.0001430890569656994
 0.0001603413931993572
 0.000181254915971237
 0.0002052823629516199
 0.0002311880008323734
 0.0002580930496591248
 0.0002847433406805522
 0.0003104237623959792
 0.000334143774709233
 0.0003554775447718449
 0.0003737872459285918
 0.0003890251868461794
 0.0004010095513041602
 0.0004101550490119883
 0.0004166901365993579
 0.0004213263578826502
 0.0004244092634137215
 0.0004266164282320109
 0.0004281427415036051
 0.0004294732535770965
 0.0004306304632528204
 0.0004319884582231492
 0.0004335682692191557
 0.0004358032189920516
 0.0004388493008545458
 0.0004431892920978306
 0.0004490781135066034
 0.000456838005860537
 0.0004667385618441027
 0.0004788138705629731
 0.0004931083964029119
 0.0005091166244858321
 0.0005264547374007586
 0.0005441039891227313
 0.0005613314815521175
 0.0005769041076923455
 0.0005901108202458955
 0.0006000114262173885
 0.0006064260405597657
 0.0006091567389309442
 0.0006088141048770577
 0.0006058827467146652
 0.00060158789382143
 0.0005965053937692614
 0.0005920964812915294
 0.0005887618840340451
 0.0005876668243126939
 0.0005890557586770411
 0.0005935095488254176
 0.0006008511773522791
 0.0006111065639735357
 0.0006236213808630631
 0.0006380445462689258
 0.0006535340482401416
 0.0006696554892665727
 0.0006856574022483695
 0.0007012666268673061
 0.0007159701654368161
 0.0007297729130218931
 0.0007425214923129731
 0.000754472061524053
 0.0007658825131724596
 0.0007771273188626325
 0.000788840740331376
 0.0008014480259101291
 0.0008156309174357431
 0.000831670682673028
 0.0008498678994327501
 0.0008703498530576065
 0.0008929437891834823
 0.0009176311500634123
 0.0009438589459252461
 0.0009713882831890546
 0.0009995169989760295
 0.001027974176396743
 0.001056134415642312
 0.001083956620267732
 0.001111171191374547
 0.001138161728629165
 0.001165124725911106
 0.001192695057657391
 0.001221334427249151
 0.001251601921869309
 0.001284061244563291
 0.001319119766074498
 0.001357308934953636
 0.001398675907762654
 0.001443428522358605
 0.00149117821373924
 0.001541738279904599
 0.001594367282747496
 0.001648697678538899
 0.001703929479286238
 0.001759896034054806
 0.00181613002732367
 0.001872964503084147
 0.001930399271860806
 0.001989353204156192
 0.002050048137620281
 0.002113683592778231
 0.002180530327532594
 0.002251485339158204
 0.002326630379116284
 0.002406219566302296
 0.002489946219246518
 0.002577419970862889
 0.002668243620400346
 0.002761728317430746
 0.002857506245467593
 0.002954920966508619
 0.003053760163442064
 0.003153609423338595
 0.003254574089413907
 0.003356565085601423
 0.003460016024455906
 0.00356508219131726
 0.003672410767883715
 0.003782203234430213
 0.003895024037494706
 0.004010825805301738
 0.004129851075647068
 0.004251650936922713
 0.004376139963715848
 0.004502634237941405
 0.004631007729586652
 0.004760582050751392
 0.00489149645662369
 0.00502325562480359
 0.00515622137216266
 0.005290133870779906
 0.005425354876899124
 0.005561694816507494
 0.005699368214124021
 0.00583811236055201
 0.005977932983561474
 0.006118500713722544
 0.006259565699380732
 0.006400846659228135
 0.006542024318862172
 0.006682925904624971
 0.006823491289144308
 0.006963617291538339
 0.007103636670858605
 0.007243631235901123
 0.007384250802559952
 0.007525682946360707
 0.007668513125706143
 0.007812712475150382
 0.007958530845952282
 0.008105622954445439
 0.00825404423147354
 0.008403483760034679
 0.008554066748749185
 0.008705681510268752
 0.008858549813871434
 0.009012529834419103
 0.009167859164871265
 0.009324349186226532
 0.009482328802948616
 0.009641716275163151
 0.009802922242431535
 0.009965929121144072
 0.01013110171760138
 0.01029826479954396
 0.01046765380565475
 0.01063890058183518
 0.01081212988226138
 0.01098696377794046
 0.01116354866936713
 0.01134170110283421
 0.01152169178935072
 0.01170349765811345
 0.0118874815003857
 0.01207363873934483
 0.01226230435852231
 0.01245337848952198
 0.01264717228981013
 0.01284361356975685
 0.01304301537260674
 0.01324531514443436
 0.01345078747804722
 0.01365928589017082
 0.01387105099850681
 0.01408590626419696
 0.01430410976025728
 0.01452545446269928
 0.01475017158870457
 0.01497800046615714
 0.01520911049640602
 0.01544320714177938
 0.01568043675100493
 0.01592058447361677
 0.01616383430306112
 0.01641010857877963
 0.01665955824418503
 0.01691212770727823
 0.0171679386950502
 0.01742697058872594
 0.01768934841102971
 0.0179548342990383
 0.01822337273263824
 0.01849448852615589
 0.01876804103865011
 0.01904351476209395
 0.01932082178369458
 0.01959953870116758
 0.01987970897130679
 0.02016108017237602
 0.02044384372140635
 0.02072787496217727
 0.0210134559765045
 0.02130046549159264
 0.02158917218202387
 0.02187939831061736
 0.02217131971167354
 0.02246471655881133
 0.02275967238731057
 0.02305591167827616
 0.02335346785650362
 0.02365198723120356
 0.0239514688551602
 0.02425152719987929
 0.02455217680840569
 0.02485306703448098
 0.02515432329931171
 0.02545572303585934
 0.02575756163076471
 0.02605977948601434
 0.02636284565627777
 0.02666681090750829
 0.02697229051522458
 0.02727928924488668
 0.02758846856553921
 0.02789973071754276
 0.0282134971276735
 0.02852957625851253
 0.02884805633100484
 0.02916858243600012
 0.02949111643393235
 0.02981545754937823
 0.03014181877800803
 0.03047064448412773
 0.03080243594010163
 0.03113806368444653
 0.03147782106595701
 0.03182223502079154
 0.03217110771857438
 0.03252436359607549
 0.0328813586112505
 0.03324178814168447
 0.03360505434546705
 0.033971137409432
 0.03433987591260267
 0.03471171358367445
 0.0350868820581549
 0.03546615373103282
 0.03584989373313958
 0.03623900155304047
 0.03663359237074253
 0.03703433660252571
 0.03744073135103773
 0.03785275886398179
 0.03826926673740286
 0.03868943852336177
 0.03911185141426658
 0.03953550471987271
 0.039959347623834
 0.04038236960676363
 0.04080345911356727
 0.04122145907026661
 0.04163590306268254
 0.04204654722635252
 0.04245400571856658
 0.04285869799053695
 0.04326156051153057
 0.04366299342267354
 0.04406367330836419
 0.04446361115377174
 0.04486315881766244
 0.04526224399650449
 0.04566139489183934
 0.04606093391948583
 0.0464618877721634
 0.04686516935014323
 0.04727184842345175
 0.04768239784802553
 0.04809638023705456
 0.04851263219689395
 0.04892952063107312
 0.04934579808965247
 0.04976018179468116
 0.05017247742615705
 0.05058284740411865
 0.05099255051749788
 0.05140272473556927
 0.05181495734124078
 0.05223035113582961
 0.05264976719014126
 0.05307318052732779
 0.05350011231970972
 0.05392995396783735
 0.05436191652604477
 0.05479584484995122
 0.05523137553061019
 0.05566857002325318
 0.05610704791104517
 0.05654666947542938
 0.05698671803570995
 0.05742679570644956
 0.05786620397900716
 0.05830487476590339
 0.05874257557866912
 0.05917974918551657
 0.05961679978473537
 0.06005469658311551
 0.06049422333164349
 0.06093665751298709
 0.06138309869402914
 0.06183472943144207
 0.06229225284906336
 0.06275597286487841
 0.06322633726405079
 0.06370356789935894
 0.06418829041045411
 0.06468065907141599
 0.06518109100171858
 0.06568947518711793
 0.06620601256299101
 0.06673057974802887
 0.06726360279928999
 0.0678054736594005
 0.06835681820312473
 0.06891792792224941
 0.06948867089579294
 0.07006894496394228
 0.07065815884739633
 0.07125604361640975
 0.07186184817195251
 0.07247541302633609
 0.0730963485160855
 0.07372504953055141
 0.0743617310952272
 0.07500723894806501
 0.07566200779797534
 0.07632678012222485
 0.07700163867784186
 0.07768676392741954
 0.07838164604144703
 0.07908593059255263
 0.07979880542026847
 0.08051991397341013
 0.08124878156843392
 0.08198563984409379
 0.08273068303718503
 0.08348473613246553
 0.08424834087625772
 0.08502247260320513
 0.08580740489752815
 0.08660376986065135
 0.08741112563008097
 0.0882297560447592
 0.08905896321186721
 0.0898989913232469
 0.0907494758234738
 0.09161097569340183
 0.09248390356029199
 0.09336945505434807
 0.09426853488601851
 0.09518250195932458
 0.09611207540423859
 0.09705826965921931
 0.0980212972532804
 0.09900167440796792
 0.09999923121449678
 0.1010141809652556
 0.1020462558311515
 0.1030956261286112
 0.1041620994878132
 0.105245938301937
 0.1063471165457667
 0.1074661032902826
 0.108603229559427
 0.1097594033922341
 0.1109354766680058
 0.1121322610040733
 0.1133499347043061
 0.114588141702049
 0.1158466329927725
 0.1171252037698482
 0.11842424846665
 0.1197442627194929
 0.1210863142074436
 0.1224514238655048
 0.1238402829877726
 0.1252531313377607
 0.1266898964471593
 0.1281508928215259
 0.1296362042430045
 0.1311461710720578
 0.1326805349283879
 0.1342392287906395
 0.1358218280293123
 0.1374283955448208
 0.1390588897796546
 0.1407132001261765
 0.1423910039587606
 0.1440919318713039
 0.1458163430969005
 0.1475645407737327
 0.1493375027913353
 0.1511356894882353
 0.1529599474816416
 0.1548103182044876
 0.1566869267202686
 0.1585889828624842
 0.1605157160096965
 0.1624656201094474
 0.1644374746994275
 0.1664297938899508
 0.1684417072220763
 0.1704724495900682
 0.1725219184969235
 0.1745900585619855
 0.1766772697701435
 0.1787837082299934
 0.180909829701518
 0.1830556925395554
 0.1852217055881969
 0.187407713364277
 0.1896136222212287
 0.1918391621533969
 0.19408379160063
 0.1963474567661586
 0.1986294421157586
 0.2009296727313086
 0.2032474454999652
 0.2055829018726408
 0.2079361725528429
 0.2103085063051614
 0.2127013872406671
 0.2151171760200419
 0.2175578951442034
 0.2200249334723449
 0.222518105705597
 0.225036135907521
 0.2275769616046134
 0.2301383090053805
 0.2327175300294844
 0.2353117047795874
 0.2379182239849169
 0.2405355346565466
 0.2431631919039991
 0.2458019322912604
 0.2484522435589425
 0.2511156734799742
 0.2537932256918807
 0.2564876201287623
 0.2592014979216394
 0.2619381821600352
 0.2646996686355161
 0.2674867271597802
 0.2702978049369103
 0.2731295744873279
 0.2759767880574119
 0.2788339475945319
 0.2816952217660003
 0.2845559464050051
 0.2874130068668593
 0.2902653983260433
 0.2931141712348274
 0.2959617145823634
 0.2988112112323137
 0.3016664694937173
 0.3045316714487738
 0.3074097289692772
 0.3103019119920691
 0.3132072949985282
 0.3161241217890361
 0.3190507130160705
 0.3219860947843213
 0.3249309822587274
 0.3278882967280411
 0.3308641894995876
 0.3338642878117082
 0.3368918707471954
 0.3399456375284435
 0.3430204463374383
 0.3461075634410997
 0.3491982615242504
 0.352284272556626
 0.3553615048342544
 0.35842682229071
 0.3614794675930078
 0.3645180644159244
 0.3675400714127517
 0.370541120101435
 0.3735160720676632
 0.3764600735635368
 0.3793694169403513
 0.3822407108001469
 0.3850703860973188
 0.3878555923647098
 0.3905947104118415
 0.3932879992939495
 0.395936624536136
 0.3985425290285876
 0.4011074235563932
 0.4036323469223271
 0.4061166478235995
 0.4085589588763841
 0.4109573049267705
 0.4133103686696633
 0.4156157890619452
 0.4178707826195729
 0.4200719188568225
 0.4222162047897338
 0.4243009773835404
 0.4263239877968628
 0.428282881434395
 0.4301754491959803
 0.4319996565813451
 0.4337543920202468
 0.4354381457382558
 0.4370471151176626
 0.4385754232474313
 0.4400185031848391
 0.4413715512706161
 0.442629926924046
 0.4437904645187501
 0.444851176300221
 0.4458124244976741
 0.4466755792278894
 0.4474457528138766
 0.4481305385924736
 0.4487360675432807
 0.4492717832822415
 0.449744119670454
 0.4501549284162455
 0.4505093872463978
 0.450815982737738
 0.4510778101412566
 0.4512893180201654
 0.4514567145653549
 0.4515774929250885
 0.4516421094169106
 0.4516438943495582
 0.4515794392990002
 0.4514406732743847
 0.4512174237928966
 0.4509032715155362
 0.4504914255114304
 0.4499766840159215
 0.4493573773926723
 0.4486320461233159
 0.4478029753717423
 0.4468740296810136
 0.4458502468712829
 0.4447356983303163
 0.443533642643468
 0.442248219838006
 0.4408830825504219
 0.4394405850626532
 0.4379229943432735
 0.436332280080815
 0.4346703242384226
 0.4329384019332422
 0.4311378491938512
 0.4292695329127582
 0.4273345337153068
 0.4253339155467342
 0.4232693222298493
 0.421142777669915
 0.4189571531078014
 0.4167156087298689
 0.4144218280327552
 0.4120792776249424
 0.4096913838023323
 0.4072609685801605
 0.4047907892642341
 0.4022827242303985
 0.3997385161713666
 0.3971589513050387
 0.3945448378502084
 0.3918963120963881
 0.3892139119177548
 0.3864982942203362
 0.3837509385711951
 0.3809737653949953
 0.3781692385278217
 0.3753396670005817
 0.3724874540960102
 0.3696146942945094
 0.3667239826498088
 0.3638182736529067
 0.3609005170154154
 0.3579726187992376
 0.3550357208917365
 0.3520907225191394
 0.3491386438262777
 0.346180159889675
 0.3432149022647044
 0.340241062850494
 0.3372570566089197
 0.3342619596152263
 0.3312571087996101
 0.3282451630940962
 0.3252303761155523
 0.3222170967709874
 0.3192097134361935
 0.3162111541454933
 0.3132235975500952
 0.310247535022639
 0.3072830787954387
 0.3043291441729147
 0.3013848448134488
 0.2984487307196178
 0.2955200242314536
 0.29259801860477
 0.289683123869702
 0.2867761832248286
 0.2838793482007397
 0.2809949601707711
 0.2781250935794766
 0.2752699710728913
 0.2724283476909409
 0.2695990641445962
 0.2667820142583454
 0.2639785908100942
 0.2611906613178178
 0.2584203890170755
 0.2556687719886609
 0.2529361489180043
 0.2502212563755976
 0.2475227769425889
 0.2448387800775815
 0.2421688700233557
 0.2395129169603125
 0.2368724657011282
 0.2342489704307018
 0.2316443327160413
 0.2290596018538224
 0.2264954621423166
 0.2239514537619218
 0.2214267967331856
 0.2189199930315957
 0.216429965180445
 0.2139560167647346
 0.2114985127797792
 0.2090577491519822
 0.2066335097380291
 0.2042252874372779
 0.2018330956487592
 0.1994578745259517
 0.1971007281701908
 0.1947630221526154
 0.1924455206846787
 0.1901489644720148
 0.1878735190736513
 0.1856195916043372
 0.1833872840378086
 0.1811771449730118
 0.1789894285866536
 0.1768247132884447
 0.174683158705664
 0.1725652328690059
 0.1704712607086699
 0.1684020682153221
 0.1663581775425282
 0.164339353371031
 0.162344597958968
 0.1603728753012855
 0.1584240702913703
 0.1564983953667928
 0.1545968404151974
 0.152720111319203
 0.1508692566128681
 0.1490447532991753
 0.1472472840570318
 0.1454769727636701
 0.1437342341002588
 0.1420189251372862
 0.1403312615786091
 0.1386707471368571
 0.1370372057440468
 0.1354300570799224
 0.1338486260897748
 0.1322923798186003
 0.1307602632410312
 0.1292518091968799
 0.1277662571030478
 0.1263037797660465
 0.1248644232674598
 0.1234490609736991
 0.1220580614021405
 0.1206922188899467
 0.1193513980635867
 0.1180357747866892
 0.1167445848892567
 0.1154775334301651
 0.1142335685446292
 0.1130122299384041
 0.1118123640634673
 0.1106334554048484
 0.1094742461621887
 0.1083341627387287
 0.1072119917085903
 0.1061072432607821
 0.1050190606061984
 0.103947297277673
 0.1028915733397109
 0.1018520131469905
 0.1008284228821585
 0.09982090214366503
 0.09882909590120836
 0.0978529488312755
 0.09689191921245148
 0.09594587651909779
 0.0950142335764031
 0.09409683518679532
 0.09319298859969506
 0.09230232489858314
 0.09142397131299237
 0.09055735615837758
 0.08970154929361772
 0.08885604500595816
 0.08802020137762875
 0.0871940141299332
 0.0863775986189706
 0.08557151473734917
 0.08477602766976906
 0.08399096710595109
 0.08321610840479197
 0.08245114218366256
 0.08169629537037161
 0.08095153730150001
 0.08021719738472594
 0.07949308769855529
 0.07877926319464676
 0.0780752305052619
 0.0773808361780042
 0.07669551092954194
 0.07601921674101988
 0.07535170021985059
 0.07469319390606696
 0.07404361073864252
 0.07340324476395463
 0.07277176091109734
 0.07214914865397205
 0.07153474069577397
 0.07092828796081878
 0.0703291082908155
 0.06973710124363589
 0.06915196665596282
 0.06857411395015786
 0.06800374195817253
 0.06744168688435094
 0.06688827860487664
 0.06634434878572039
 0.06581000212187464
 0.0652856820203763
 0.06477132812039921
 0.06426679206801643
 0.06377158786253574
 0.06328474235035218
 0.06280523440678369
 0.06233138203560482
 0.06186185917383879
 0.06139459960907039
 0.06092818370786356
 0.06046090410242243
 0.05999198414323493
 0.05952087974294654
 0.0590480622934508
 0.05857399730615592
 0.05809984453917875
 0.05762636179219605
 0.05715444405785256
 0.05668418242457139
 0.05621584885765399
 0.05574921366102159
 0.05528457558088176
 0.05482192691038204
 0.05436202000592757
 0.05390523984246616
 0.05345238322089704
 0.05300350461607791
 0.05255853543086479
 0.05211654293291225
 0.05167646401854514
 0.05123696180965766
 0.05079690436515442
 0.05035577095447027
 0.04991386862819471
 0.04947176861198037
 0.04903020157914413
 0.0485895161318074
 0.04815032579902749
 0.04771264974755358
 0.04727666498531927
 0.0468420722053729
 0.04640912061582965
 0.04597758750056423
 0.04554792648510776
 0.04512017905036974
 0.04469445552881347
 0.04427073284625973
 0.04384822022554315
 0.04342617799472042
 0.04300301780624839
 0.04257768589349822
 0.04214901209257989
 0.04171679768536495
 0.04128099659351274
 0.04084248288106058
 0.04040201640595544
 0.03996098170655459
 0.0395204381579698
 0.03908193116078053
 0.03864670382652947
 0.03821608384445351
 0.03779098324924075
 0.0373718409156162
 0.03695894322925981
 0.03655200942009022
 0.03615083442527971
 0.03575463269590897
 0.03536293027859212
 0.03497490300068731
 0.03459032691295197
 0.03420881283154149
 0.03383062994238512
 0.03345582316345115
 0.03308493106609092
 0.03271807924693288
 0.03235570598891785
 0.03199770150675171
 0.03164419857767532
 0.03129479900618314
 0.03094938223333611
 0.03060735363729936
 0.03026849456017126
 0.02993218444163923
 0.02959830403022697
 0.02926644973873186
 0.02893679545927694
 0.02860925348010888
 0.02828422362252766
 0.02796172501734994
 0.02764213532813837
 0.02732524320798207
 0.02701130893316384
 0.02669967830761291
 0.02639048734384111
 0.02608284979405167
 0.02577671752290945
 0.02547132022062223
 0.02516657594370284
 0.024861979584629
 0.02455764743262873
 0.024253435135639
 0.02394976767654047
 0.02364680608108545
 0.02334508776010371
 0.02304475582647012
 0.02274603071697792
 0.02244899898251826
 0.02215360274654343
 0.02185998440171363
 0.02156786520384231
 0.02127735240653273
 0.02098795824743577
 0.02069982487240994
 0.0204124934279689
 0.02012618045198581
 0.01984070212864865
 0.01955644663283377
 0.01927360987218665
 0.01899271887794855
 0.01871414201912155
 0.01843811434223042
 0.01816486079923417
 0.01789432720652397
 0.01762675837808164
 0.01736206406674989
 0.01710056039461267
 0.01684218946046696
 0.01658722290862537
 0.0163356850341727
 0.01608764984970095
 0.01584310240770934
 0.01560188792881959
 0.01536406427826725
 0.01512939724099194
 0.01489805726237088
 0.01466984715529441
 0.01444496428790972
 0.01422326421083363
 0.01400499747881864
 0.01379001892472151
 0.01357856478608714
 0.01337041921360316
 0.01316571323082977
 0.0129640908570579
 0.01276559166852985
 0.01256977897971471
 0.01237673042235339
 0.01218602627608509
 0.01199786396753736
 0.01181184465852884
 0.01162811636137836
 0.01144645468446087
 0.01126677280299484
 0.01108913450936974
 0.01091334351581032
 0.01073964756620597
 0.01056783020117262
 0.01039817030874866
 0.01023027904127263
 0.01006443610037006
 0.009900073868285564
 0.009737489733829055
 0.009576182742337113
 0.009416395560072573
 0.009257792288862525
 0.009100586325434408
 0.008944525874373012
 0.008789832808533666
 0.008636305637385948
 0.008484129835378842
 0.008333137970778509
 0.008183507202453663
 0.008035160952638534
 0.007888437672514575
 0.007743272145996384
 0.007599983686371365
 0.007458252926815899
 0.007318033938617271
 0.007178674588837774
 0.007039886822329106
 0.006900965707364416
 0.006761768387984922
 0.006621899091044442
 0.006481563966090842
 0.006340736345113628
 0.006199894334623766
 0.006059160319925077
 0.005919083104139808
 0.005779699422656969
 0.005641456498464992
 0.005504204504854032
 0.005368176952003452
 0.005233080661169657
 0.00509902088264302
 0.004965668620469902
 0.004833289503250219
 0.004701711441784283
 0.004571585007638649
 0.004443031832114564
 0.004317028341656119
 0.004193868909716686
 0.004074432623512281
 0.003958804610467727
 0.003847277769148778
 0.003739298207059857
 0.003634448945629033
 0.00353159880888201
 0.003430007097343932
 0.003328599963232027
 0.003227011980316243
 0.003124847196346164
 0.003022519257782871
 0.002920426545704635
 0.002819599637443276
 0.002720799847984846
 0.002625184951235962
 0.002533348373945271
 0.002446131264139626
 0.002363676063642245
 0.002286320462752546
 0.002213684792726384
 0.002145599688746834
 0.002081196421187096
 0.002019939090918274
 0.001960737366736425
 0.001903021821034643
 0.001845937059736069
 0.001789320655565609
 0.001732874251329085
 0.001677026291578962
 0.001622010973906394
 0.001568617598874816
 0.001517226761125621
 0.001468549097952038
 0.001422719514706744
 0.001380086041158614
 0.001340409066600175
 0.001303656770196078
 0.001269361790635984
 0.00123725646390425
 0.00120689159643412
 0.001177817181228078
 0.001149629333178075
 0.001121846479009332
 0.001094143692871576
 0.001066347900765752
 0.00103827786363153
 0.001010114585981695
 0.000981886709951579
 0.0009540429587202823
 0.0009268085558758103
 0.0009006858303046299
 0.0008760432488301147
 0.0008532497232997385
 0.0008327133295430885
 0.0008144587830862746
 0.0007985743181059673
 0.0007845446730531382
 0.0007720685505541237
 0.0007604202147338596
 0.0007492810207489531
 0.0007381909047252931
 0.0007269516417849935
 0.0007154851335399171
 0.0007035470824576115
 0.0006912212981769177
 0.0006782562465741115
 0.0006648396869760696
 0.0006508838362518369
 0.0006368697488953772
 0.0006230538806275379
 0.0006102565598831014
 0.000598960149668082
 0.0005900430117710906
 0.000583804041725336
 0.0005807292939482
 0.0005805403684677818
 0.0005830481809715645
 0.0005873034218616222
 0.0005925109291004175
 0.0005973486182091698
 0.0006008260359338867
 0.0006017454373429467
 0.0005995054910530309
 0.0005935489795049491
 0.0005841036882748753
 0.0005715103111581678
 0.0005568190760472956
 0.0005409510076453228
 0.0005252210866223902
 0.0005104380907972739
 0.000497514279406895
 0.0004866526942534648
 0.0004780818448146789
 0.0004714540984554726
 0.0004664921461542356
 0.0004627360393759201
 0.000459729457389308
 0.0004571676332626824
 0.0004545957139168391
 0.0004519779824302005
 0.0004490885873632072
 0.0004460280968622649
 0.0004427724242353193
 0.00043919641153065
 0.0004353057175008598
 0.0004306794612671158
 0.000425174842739835
 0.0004182274628927646
 0.0004096363814326375
 0.0003988248262962453
 0.0003856601243217402
 0.0003696734886933863
 0.000350931334087999
 0.0003292331142082042
 0.0003050206294998192
 0.0002785878304388375
 0.0002509563839385766
 0.0002230481061963437
 0.0001964562591051247
 0.0001724299040582189
 0.0001524931054116731
 0.0001373140467917923
 0.0001272772231155011
 0.0001215598037638961
 0.0001189842381027655
 0.000117587539770867
 0.0001158019852831624
 0.0001122073076871656
 0.0001063232291724703
 9.826791485022222e-05
 8.879010991124929e-05
 7.917848128460964e-05
 7.044403418657176e-05
 6.346818652998452e-05
 5.841773375518959e-05
 5.485233196795712e-05
 5.203460662608519e-05
 4.852753772432989e-05
 4.3246875039287e-05
 3.489524511960741e-05
 2.311681676792032e-05
 7.844922631304774e-06
 -1.000372750457004e-05
 -2.910508663815431e-05
 -4.777512848329183e-05
 -6.399741806779427e-05
 -7.61078743147532e-05
 -8.265397275258394e-05
 -8.343701799479177e-05
 -7.895851218084708e-05
 -7.111484242418656e-05
 -6.215699211824236e-05
 -5.476962733011278e-05
 -5.125902744987318e-05
 -5.328094628437934e-05
 -6.16741934044693e-05
 -7.560870104438797e-05
 -9.315953816205965e-05
 -0.0001109265690544463
 -0.0001254359732290853
 -0.000133082722122538
 -0.0001317431720589213
 -0.000120439452311148
 -0.0001004574328906707
 -7.420181572336589e-05
 -4.539527304237238e-05
 -1.743951926693378e-05
 6.739730134076003e-06
 2.548425170508069e-05
 3.845066849811769e-05
 4.645567156356789e-05
 5.176799919319591e-05
 5.68165451633306e-05
 6.43220579159113e-05
 7.572297054545985e-05
 9.165552129090522e-05
 0.0001108982776388191
 0.0001314088012339338
 0.0001501628530571202
 0.0001640965046566448
 0.0001706653398853018
 0.0001682784923833917
 0.0001576230241506349
 0.0001411839938525322
 0.0001237854292312047
 0.0001107569134456175
 0.0001075292310210203
 0.0001174934130864402
 0.0001416958793045735
 0.0001778856681555349
 0.0002217776398352148
 0.0002674689678594458
 0.0003092114263836751
 0.0003420549562307785
 0.0003624506067461069
 0.0003693890711386333
 0.0003642085672227459
 0.0003511776234562072
 0.0003357553753962932
 0.000324261971713822
 0.0003217982437473664
 0.0003319091272764231
 0.0003551350309098998
 0.0003894357828201322
 0.0004301533704761703
 0.0004715515971416632
 0.0005074638484900595
 0.0005333055352476868
 0.0005464820484610773
 0.0005477806328509782
 0.0005406905572598503
 0.0005314193320926315
 0.0005268581795711242
 0.0005337073093375803
 0.0005562129484429719
 0.0005956462924898818
 0.0006491562875812388
 0.0007111110546930971
 0.0007729348263986963
 0.0008257146410431695
 0.0008608275045054787
 0.0008722209144070619
 0.0008574586432539023
 0.0008184044782167397
 0.0007612657914816031
 0.0006952905598333648
 0.0006311754413080867
 0.000578802380497593
 0.00054558132381591
 0.0005344164972134321
 0.0005438093481783888
 0.0005680037906669127
 0.0005992746589856866
 0.0006288163625672175
 0.0006494892841748645
 0.000656081564386665
 0.0006475675381530789
 0.0006258808213186998
 0.0005965664961738091
 0.0005663957618334958
 0.0005424163498808431
 0.0005302895629605038
 0.0005332928223179801
 0.0005519074570253851
 0.0005827261184370762
 0.0006197129802811302
 0.0006546608780121153
 0.0006798193925437295
 0.0006886146228295209
 0.0006779240622276991
 0.0006479912299451814
 0.0006031746812852908
 0.0005502213763911271
 0.0004975568589443036
 0.0004528670316356177
 0.0004223269830645401
 0.0004087579652441512
 0.0004120294206219036
 0.0004287548394679116
 0.000454333320822481
 0.0004831560351405106
 0.0005108750335744675
 0.0005339870766892877
 0.0005514228024436979
 0.0005632510405912864
 0.0005715140891663019
 0.000578392398816094
 0.0005864253274173501
 0.0005967849566096702
 0.0006097209706480406
 0.0006234645680583697
 0.000635771491033151
 0.0006431508890119321
 0.0006432950713342495
 0.0006338953469210553
 0.0006149666756202594
 0.0005872895791283555
 0.0005534473241252528
 0.0005161014992679503
 0.0004781374554249473
 0.0004412553587811792
 0.0004064423594375213
 0.000373261054442324
 0.0003409770300855941
 0.000308168670430699
 0.0002740911714036468
 0.0002381297194774748
 0.0002009080756570315
 0.0001633393201431903
 0.0001273034233363117
 9.442670818408983e-05
 6.65708713113023e-05
 4.488507748556169e-05
 3.041903899293239e-05
 2.403929101803737e-05
 2.63758176993182e-05
 3.82689973185468e-05
 5.983004319008254e-05
 9.080318051015753e-05
 0.0001292489999284317
 0.0001720654715590687
 0.0002140702804831789
 0.0002494369594679326
 0.0002717899990143248
 0.0002764215048899232
 0.0002610614228715588
 0.0002276410694261884
 0.0001822249505311826
 0.000134502668472932
 9.533849707185486e-05
 7.470532791471713e-05
 7.940594792103221e-05
 0.0001123757965934795
 0.0001719497514061034
 0.0002508107757420921
 0.0003371136071250517
 0.0004158994477555764
 0.000472620268824789
 0.000494943615703526
 0.0004766541955385887
 0.0004185408372304473
 0.0003302180663042506
 0.0002262845233921236
 0.0001251715369196165
 4.527208748365407e-05
 2.440312965575116e-06
 6.454011592021334e-06
 5.733331169251238e-05
 0.0001475232146535073
 0.0002613030151918436
 0.000379667650640911
 0.0004823680690642527
 0.0005523650897972768
 0.0005786385538871724
 0.0005574372677124718
 0.0004925725124285923
 0.0003941560198298793
 0.000278150399055392
 0.0001625128365246914
 6.525980254838716e-05
 8.610295176921376e-08
 -2.39125983125101e-05
 -5.746772949224912e-06
 5.034289689576478e-05
 0.0001339830602768986
 0.0002324847921434711
 0.000331875323694008
 0.0004184291865028998
 0.0004798662947916279
 0.0005065637071403887
 0.0004938070272132816
 0.0004415573714432074
 0.000355242000421086
 0.0002434911707904424
 0.0001188462074632639
 -4.612423493115781e-06
 -0.0001117485440849443
 -0.000189118827450176
 -0.0002265792522206296
 -0.0002194946810628656
 -0.0001692736672526354
 -8.221733102663932e-05
 3.072406852098965e-05
 0.0001565726166488942
 0.0002808390691189276
 0.0003895016412049242
 0.0004700812437568552
 0.0005136988267059101
 0.0005150187633987728
 0.0004746499079905511
 0.0003982732954847272
 0.0002970828499656696
 0.0001851548580707957
 7.815411686861629e-05
 -8.021422401301186e-06
 -5.990030723305767e-05
 -6.791067776719071e-05
 -2.865010982633984e-05
 5.559708905314495e-05
 0.0001768082626375325
 0.0003227606086410173
 0.0004774988109523386
 0.0006236089376584594
 0.0007433523068839245
 0.0008218631886607953
 0.000848632395543049
 0.0008212706622462398
 0.0007453852603091152
 0.00063494539362577
 0.0005084055674243202
 0.0003859325974882123
 0.000285295131219315
 0.0002187166302409532
 0.0001895844490770254
 0.0001926751588704622
 0.0002159335058195376
 0.0002443591469861547
 0.0002622918872158331
 0.0002558718433584834
 0.0002176392446756069
 0.0001485725624206511
 5.85598241132712e-05
 -3.725576845177401e-05
 -0.0001216101472707531
 -0.0001795773348492779
 -0.0002010461270465132
 -0.0001833651464822713
 -0.0001302786257918242
 -5.092453372700263e-05
 4.301976703253261e-05
 0.0001385988658364063
 0.0002240583213186519
 0.0002896258984990108
 0.000329401301923125
 0.0003415584440739222
 0.0003293045565511635
 0.0002994732086752028
 0.0002616023611361869
 0.0002250800016350586
 0.0001979376745371028
 0.0001842068714177031
 0.0001841042295624257
 0.000193235805320292
 0.0002048417577872268
 0.0002107216087097041
 0.0002040361898171514
 0.0001804526350703391
 0.0001398525362269644
 8.571793297667998e-05
 2.440728059968413e-05
 -3.580838848175159e-05
 -8.592047484542871e-05
 -0.0001174671459022343
 -0.0001246062690959389
 -0.0001043647511880565
 -5.728214550290643e-05
 1.403686421582423e-05
 0.0001047544760966818
 0.0002093442749234679
 0.0003205276646226801
 0.0004297833751333041
 0.0005266613476389393
 0.0005992077191961242
 0.0006359508122188841
 0.0006268868155056474
 0.0005695495730301994
 0.0004690160747725506
 0.0003406747357664235
 0.000205364116555066
 8.630381211271542e-05
 3.318492346984105e-06
 -2.83930233403102e-05
 -4.166177141258454e-06
 7.465711507956633e-05
 0.0001988264247045148
 0.0003561345045659347
 0.000530621189098982
 0.0007051021642042142
 0.0008611348962426253
 0.000980261984947604
 0.001044301062418982
 0.001036848172227448
 0.0009434119903639637
 0.0007616147512753629
 0.0005098163235227462
 0.000215656684799205
 -7.73573769940936e-05
 -0.0003315081623683172
 -0.0005167905038339164
 -0.0006115981537120799
 -0.0006151913143108876
 -0.0005428022939974547
 -0.0004206715433210116
 -0.0002746749071980802
 -0.0001285048722173826
 2.984127326118028e-07
 0.0001005613938576321
 0.0001693800890374315
 0.0002088298177698203
 0.0002247349507325282
 0.0002239025058057548
 0.000212325233066552
 0.0001948832261103928
 0.0001749165063307829
 0.0001548362741411689
 0.000135628491422567
 0.0001179781116425558
 0.0001017781846353166
 8.717715623595493e-05
 7.387367208833437e-05
 6.199849376611252e-05
 5.127460184163216e-05
 4.188741244884277e-05
 3.359642363902722e-05
 2.659358545207605e-05
 2.062182547631935e-05
 1.580487117949366e-05
 1.183330348076325e-05
 8.789548616837679e-06
 6.325516187135764e-06
 4.544158305138087e-06
 3.118902462910368e-06
 2.171595495595068e-06
 1.401956361617891e-06
 9.697895045680574e-07
 5.637464054088751e-07
 4.125236417552799e-07
 1.792529334187715e-07
 1.694741848291494e-07
 4.511159802187458e-08
 5.124348738682453e-08
 1.431211127712796e-08
 9.377270353658255e-09
 4.111395827510791e-09
 1.373175349857206e-09
 5.660940288378762e-10
 1.575785241458078e-10
 2.931644089409836e-11
 3.573386898027307e-12
 2.767500853073344e-13
 1.376653817548818e-14
 4.488853576284621e-16
 9.719730954971198e-18
 1.404599276495362e-19
 1.352957771819945e-21
 8.61519854813531e-24
 3.562424907880295e-26
 9.256169797773177e-29
 1.423641233145496e-31
 1.151848221227755e-34
 3.647664192716612e-38
 0
 0
 0
 0
 0
 0
 0
 0
 0
 0
 0
 0
 0
 0
 0
 0
 0
 0
 0
 0
 0
 0
 0
 0
 0
 0
 0
 0
 0
 0
 0
 0
 0
 0
 0
 0
 0
 0
 0
 0
 0
 0
 0
 0
 0
 0
 0
 0
 0
 0
